Date,Close
2007-02-23 00:00:00+05:30,19.60391616821289
2007-02-26 00:00:00+05:30,20.244792938232422
2007-02-27 00:00:00+05:30,20.613523483276367
2007-02-28 00:00:00+05:30,19.498559951782227
2007-03-01 00:00:00+05:30,19.410768508911133
2007-03-02 00:00:00+05:30,19.138620376586914
2007-03-05 00:00:00+05:30,17.918312072753906
2007-03-06 00:00:00+05:30,18.453840255737305
2007-03-07 00:00:00+05:30,18.304590225219727
2007-03-08 00:00:00+05:30,19.31420135498047
2007-03-09 00:00:00+05:30,18.13779067993164
2007-03-12 00:00:00+05:30,18.067554473876953
2007-03-13 00:00:00+05:30,18.734771728515625
2007-03-14 00:00:00+05:30,18.093894958496094
2007-03-15 00:00:00+05:30,18.190465927124023
2007-03-16 00:00:00+05:30,18.067554473876953
2007-03-19 00:00:00+05:30,18.620641708374023
2007-03-20 00:00:00+05:30,18.638206481933594
2007-03-21 00:00:00+05:30,18.524076461791992
2007-03-22 00:00:00+05:30,18.497739791870117
2007-03-23 00:00:00+05:30,19.52490234375
2007-03-26 00:00:00+05:30,18.743555068969727
2007-03-28 00:00:00+05:30,18.251914978027344
2007-03-29 00:00:00+05:30,18.129013061523438
2007-03-30 00:00:00+05:30,18.313373565673828
2007-04-02 00:00:00+05:30,17.821739196777344
2007-04-03 00:00:00+05:30,17.74272918701172
2007-04-04 00:00:00+05:30,17.93587303161621
2007-04-05 00:00:00+05:30,18.102678298950195
2007-04-09 00:00:00+05:30,18.638206481933594
2007-04-10 00:00:00+05:30,18.831348419189453
2007-04-11 00:00:00+05:30,19.4195499420166
2007-04-12 00:00:00+05:30,18.541637420654297
2007-04-13 00:00:00+05:30,18.95425796508789
2007-04-16 00:00:00+05:30,19.068391799926758
2007-04-17 00:00:00+05:30,19.358097076416016
2007-04-18 00:00:00+05:30,19.639036178588867
2007-04-19 00:00:00+05:30,19.305423736572266
2007-04-20 00:00:00+05:30,20.341358184814453
2007-04-23 00:00:00+05:30,20.622295379638672
2007-04-24 00:00:00+05:30,21.675790786743164
2007-04-25 00:00:00+05:30,22.465932846069336
2007-04-26 00:00:00+05:30,22.220111846923828
2007-04-27 00:00:00+05:30,21.693357467651367
2007-04-30 00:00:00+05:30,21.842601776123047
2007-05-03 00:00:00+05:30,21.544113159179688
2007-05-04 00:00:00+05:30,21.342191696166992
2007-05-07 00:00:00+05:30,21.307071685791016
2007-05-08 00:00:00+05:30,21.1578311920166
2007-05-09 00:00:00+05:30,21.377309799194336
2007-05-10 00:00:00+05:30,23.282392501831055
2007-05-11 00:00:00+05:30,24.107629776000977
2007-05-14 00:00:00+05:30,24.45002555847168
2007-05-15 00:00:00+05:30,23.888158798217773
2007-05-16 00:00:00+05:30,25.617647171020508
2007-05-17 00:00:00+05:30,26.934534072875977
2007-05-18 00:00:00+05:30,26.22341537475586
2007-05-21 00:00:00+05:30,26.091737747192383
2007-05-22 00:00:00+05:30,25.723005294799805
2007-05-23 00:00:00+05:30,25.977596282958984
2007-05-24 00:00:00+05:30,25.9249267578125
2007-05-25 00:00:00+05:30,26.065387725830078
2007-05-28 00:00:00+05:30,26.425338745117188
2007-05-29 00:00:00+05:30,28.751815795898438
2007-05-30 00:00:00+05:30,28.00558853149414
2007-05-31 00:00:00+05:30,27.8651180267334
2007-06-01 00:00:00+05:30,27.917800903320312
2007-06-04 00:00:00+05:30,27.742216110229492
2007-06-05 00:00:00+05:30,27.715879440307617
2007-06-06 00:00:00+05:30,27.083778381347656
2007-06-07 00:00:00+05:30,26.17952537536621
2007-06-08 00:00:00+05:30,25.547414779663086
2007-06-11 00:00:00+05:30,25.55620002746582
2007-06-12 00:00:00+05:30,25.064563751220703
2007-06-13 00:00:00+05:30,24.608047485351562
2007-06-14 00:00:00+05:30,26.021493911743164
2007-06-15 00:00:00+05:30,25.38939666748047
2007-06-18 00:00:00+05:30,25.40694808959961
2007-06-19 00:00:00+05:30,25.977596282958984
2007-06-20 00:00:00+05:30,26.319982528686523
2007-06-21 00:00:00+05:30,26.302425384521484
2007-06-22 00:00:00+05:30,26.249755859375
2007-06-25 00:00:00+05:30,25.33672523498535
2007-06-26 00:00:00+05:30,25.758119583129883
2007-06-27 00:00:00+05:30,24.985553741455078
2007-06-28 00:00:00+05:30,25.749347686767578
2007-06-29 00:00:00+05:30,25.96881866455078
2007-07-02 00:00:00+05:30,26.671157836914062
2007-07-03 00:00:00+05:30,27.25935935974121
2007-07-04 00:00:00+05:30,27.935359954833984
2007-07-05 00:00:00+05:30,28.61135482788086
2007-07-06 00:00:00+05:30,28.128498077392578
2007-07-09 00:00:00+05:30,28.532346725463867
2007-07-10 00:00:00+05:30,28.374311447143555
2007-07-11 00:00:00+05:30,29.6209659576416
2007-07-12 00:00:00+05:30,29.72631072998047
2007-07-13 00:00:00+05:30,30.753467559814453
2007-07-16 00:00:00+05:30,34.352935791015625
2007-07-17 00:00:00+05:30,33.45746612548828
2007-07-18 00:00:00+05:30,33.9578857421875
2007-07-19 00:00:00+05:30,33.92275619506836
2007-07-20 00:00:00+05:30,33.1765251159668
2007-07-23 00:00:00+05:30,33.60670852661133
2007-07-24 00:00:00+05:30,33.755958557128906
2007-07-25 00:00:00+05:30,33.02729034423828
2007-07-26 00:00:00+05:30,32.482967376708984
2007-07-27 00:00:00+05:30,30.44620704650879
2007-07-30 00:00:00+05:30,30.437427520751953
2007-07-31 00:00:00+05:30,32.67612075805664
2007-08-01 00:00:00+05:30,30.613000869750977
2007-08-02 00:00:00+05:30,31.087080001831055
2007-08-03 00:00:00+05:30,31.016847610473633
2007-08-06 00:00:00+05:30,30.67445945739746
2007-08-07 00:00:00+05:30,30.99930191040039
2007-08-08 00:00:00+05:30,33.11507797241211
2007-08-09 00:00:00+05:30,31.526052474975586
2007-08-10 00:00:00+05:30,30.893938064575195
2007-08-13 00:00:00+05:30,32.02643966674805
2007-08-14 00:00:00+05:30,32.28105545043945
2007-08-16 00:00:00+05:30,30.806148529052734
2007-08-17 00:00:00+05:30,30.665685653686523
2007-08-20 00:00:00+05:30,31.99134063720703
2007-08-21 00:00:00+05:30,30.64811897277832
2007-08-22 00:00:00+05:30,30.981733322143555
2007-08-23 00:00:00+05:30,30.165279388427734
2007-08-24 00:00:00+05:30,29.98090934753418
2007-08-27 00:00:00+05:30,30.9114990234375
2007-08-28 00:00:00+05:30,31.15732192993164
2007-08-29 00:00:00+05:30,31.034404754638672
2007-08-30 00:00:00+05:30,30.595447540283203
2007-08-31 00:00:00+05:30,30.929054260253906
2007-09-03 00:00:00+05:30,33.15018844604492
2007-09-04 00:00:00+05:30,33.03606033325195
2007-09-05 00:00:00+05:30,33.56281280517578
2007-09-06 00:00:00+05:30,34.66020202636719
2007-09-07 00:00:00+05:30,34.15724563598633
2007-09-10 00:00:00+05:30,33.671939849853516
2007-09-11 00:00:00+05:30,34.42195129394531
2007-09-12 00:00:00+05:30,34.095481872558594
2007-09-13 00:00:00+05:30,35.25140380859375
2007-09-14 00:00:00+05:30,34.316078186035156
2007-09-17 00:00:00+05:30,34.03371810913086
2007-09-18 00:00:00+05:30,34.5543212890625
2007-09-19 00:00:00+05:30,35.277870178222656
2007-09-20 00:00:00+05:30,35.7279052734375
2007-09-21 00:00:00+05:30,36.44263458251953
2007-09-24 00:00:00+05:30,36.80440902709961
2007-09-25 00:00:00+05:30,36.14262771606445
2007-09-26 00:00:00+05:30,35.80731201171875
2007-09-27 00:00:00+05:30,34.96904373168945
2007-09-28 00:00:00+05:30,35.622013092041016
2007-10-01 00:00:00+05:30,36.70734786987305
2007-10-03 00:00:00+05:30,36.69852828979492
2007-10-04 00:00:00+05:30,38.975093841552734
2007-10-05 00:00:00+05:30,36.70734786987305
2007-10-08 00:00:00+05:30,34.30726623535156
2007-10-09 00:00:00+05:30,36.21321105957031
2007-10-10 00:00:00+05:30,36.769126892089844
2007-10-11 00:00:00+05:30,37.29854965209961
2007-10-12 00:00:00+05:30,37.492679595947266
2007-10-15 00:00:00+05:30,38.18093490600586
2007-10-16 00:00:00+05:30,38.82508087158203
2007-10-17 00:00:00+05:30,38.860374450683594
2007-10-18 00:00:00+05:30,38.613311767578125
2007-10-19 00:00:00+05:30,35.057289123535156
2007-10-22 00:00:00+05:30,33.892539978027344
2007-10-23 00:00:00+05:30,37.44856643676758
2007-10-24 00:00:00+05:30,37.81916046142578
2007-10-25 00:00:00+05:30,38.99274826049805
2007-10-26 00:00:00+05:30,41.16341781616211
2007-10-29 00:00:00+05:30,41.4193000793457
2007-10-30 00:00:00+05:30,42.089927673339844
2007-10-31 00:00:00+05:30,43.554683685302734
2007-11-01 00:00:00+05:30,42.4075813293457
2007-11-02 00:00:00+05:30,42.38994216918945
2007-11-05 00:00:00+05:30,43.2193717956543
2007-11-06 00:00:00+05:30,48.24018478393555
2007-11-07 00:00:00+05:30,50.03141403198242
2007-11-08 00:00:00+05:30,48.28429412841797
2007-11-12 00:00:00+05:30,46.016544342041016
2007-11-13 00:00:00+05:30,48.30193328857422
2007-11-14 00:00:00+05:30,50.8873405456543
2007-11-15 00:00:00+05:30,50.11963653564453
2007-11-16 00:00:00+05:30,48.02840042114258
2007-11-19 00:00:00+05:30,47.16364669799805
2007-11-20 00:00:00+05:30,46.448909759521484
2007-11-21 00:00:00+05:30,42.089927673339844
2007-11-22 00:00:00+05:30,40.34278869628906
2007-11-23 00:00:00+05:30,42.67228698730469
2007-11-26 00:00:00+05:30,44.869449615478516
2007-11-27 00:00:00+05:30,43.57231521606445
2007-11-28 00:00:00+05:30,42.73406982421875
2007-11-29 00:00:00+05:30,41.37518310546875
2007-11-30 00:00:00+05:30,43.09584045410156
2007-12-03 00:00:00+05:30,44.34001159667969
2007-12-04 00:00:00+05:30,44.16353225708008
2007-12-05 00:00:00+05:30,46.61656951904297
2007-12-06 00:00:00+05:30,48.05487823486328
2007-12-07 00:00:00+05:30,47.34013366699219
2007-12-10 00:00:00+05:30,46.81070327758789
2007-12-11 00:00:00+05:30,47.58720397949219
2007-12-12 00:00:00+05:30,47.331298828125
2007-12-13 00:00:00+05:30,46.76656723022461
2007-12-14 00:00:00+05:30,46.08714294433594
2007-12-17 00:00:00+05:30,43.88999557495117
2007-12-18 00:00:00+05:30,44.3576545715332
2007-12-19 00:00:00+05:30,43.854713439941406
2007-12-20 00:00:00+05:30,43.554683685302734
2007-12-24 00:00:00+05:30,43.91645431518555
2007-12-26 00:00:00+05:30,45.56652069091797
2007-12-27 00:00:00+05:30,44.56060791015625
2007-12-28 00:00:00+05:30,46.53716278076172
2007-12-31 00:00:00+05:30,46.52833938598633
2008-01-01 00:00:00+05:30,47.2695426940918
2008-01-02 00:00:00+05:30,46.89011764526367
2008-01-03 00:00:00+05:30,48.76959228515625
2008-01-04 00:00:00+05:30,47.84309387207031
2008-01-07 00:00:00+05:30,46.837162017822266
2008-01-08 00:00:00+05:30,44.95768356323242
2008-01-09 00:00:00+05:30,45.74300003051758
2008-01-10 00:00:00+05:30,44.198829650878906
2008-01-11 00:00:00+05:30,46.04302215576172
2008-01-14 00:00:00+05:30,47.207767486572266
2008-01-15 00:00:00+05:30,45.31061935424805
2008-01-16 00:00:00+05:30,44.74591064453125
2008-01-17 00:00:00+05:30,44.39295196533203
2008-01-18 00:00:00+05:30,40.78398513793945
2008-01-21 00:00:00+05:30,36.910301208496094
2008-01-22 00:00:00+05:30,30.79534912109375
2008-01-23 00:00:00+05:30,33.57487869262695
2008-01-24 00:00:00+05:30,32.69248580932617
2008-01-25 00:00:00+05:30,34.28078079223633
2008-01-28 00:00:00+05:30,34.4307861328125
2008-01-29 00:00:00+05:30,34.78374481201172
2008-01-30 00:00:00+05:30,34.536678314208984
2008-01-31 00:00:00+05:30,33.61016845703125
2008-02-01 00:00:00+05:30,33.53957748413086
2008-02-04 00:00:00+05:30,33.27486801147461
2008-02-05 00:00:00+05:30,34.201377868652344
2008-02-06 00:00:00+05:30,33.830772399902344
2008-02-07 00:00:00+05:30,32.498355865478516
2008-02-08 00:00:00+05:30,32.25129318237305
2008-02-11 00:00:00+05:30,30.59623908996582
2008-02-12 00:00:00+05:30,29.22745132446289
2008-02-13 00:00:00+05:30,26.964048385620117
2008-02-14 00:00:00+05:30,32.993831634521484
2008-02-15 00:00:00+05:30,32.993831634521484
2008-02-18 00:00:00+05:30,33.611114501953125
2008-02-19 00:00:00+05:30,34.729400634765625
2008-02-20 00:00:00+05:30,34.559425354003906
2008-02-21 00:00:00+05:30,34.5325927734375
2008-02-22 00:00:00+05:30,33.10118865966797
2008-02-25 00:00:00+05:30,34.237369537353516
2008-02-26 00:00:00+05:30,34.1657829284668
2008-02-27 00:00:00+05:30,34.22840881347656
2008-02-28 00:00:00+05:30,32.34074783325195
2008-02-29 00:00:00+05:30,33.53955841064453
2008-03-03 00:00:00+05:30,31.258243560791016
2008-03-04 00:00:00+05:30,29.97893524169922
2008-03-05 00:00:00+05:30,28.806976318359375
2008-03-07 00:00:00+05:30,28.502803802490234
2008-03-10 00:00:00+05:30,29.182722091674805
2008-03-11 00:00:00+05:30,31.2403564453125
2008-03-12 00:00:00+05:30,30.077350616455078
2008-03-13 00:00:00+05:30,27.42925453186035
2008-03-14 00:00:00+05:30,26.88353157043457
2008-03-17 00:00:00+05:30,25.228479385375977
2008-03-18 00:00:00+05:30,26.024690628051758
2008-03-19 00:00:00+05:30,26.937206268310547
2008-03-24 00:00:00+05:30,26.81195831298828
2008-03-25 00:00:00+05:30,28.42228889465332
2008-03-26 00:00:00+05:30,29.209556579589844
2008-03-27 00:00:00+05:30,29.647930145263672
2008-03-28 00:00:00+05:30,29.433218002319336
2008-03-31 00:00:00+05:30,29.012739181518555
2008-04-01 00:00:00+05:30,28.44017791748047
2008-04-02 00:00:00+05:30,28.23441505432129
2008-04-03 00:00:00+05:30,28.198627471923828
2008-04-04 00:00:00+05:30,28.46701431274414
2008-04-07 00:00:00+05:30,28.44017791748047
2008-04-08 00:00:00+05:30,28.261260986328125
2008-04-09 00:00:00+05:30,28.592262268066406
2008-04-10 00:00:00+05:30,28.207578659057617
2008-04-11 00:00:00+05:30,28.198627471923828
2008-04-15 00:00:00+05:30,29.218505859375
2008-04-16 00:00:00+05:30,27.76921272277832
2008-04-17 00:00:00+05:30,27.59923553466797
2008-04-21 00:00:00+05:30,28.00181770324707
2008-04-22 00:00:00+05:30,28.717504501342773
2008-04-23 00:00:00+05:30,28.216527938842773
2008-04-24 00:00:00+05:30,27.491867065429688
2008-04-25 00:00:00+05:30,28.11811065673828
2008-04-28 00:00:00+05:30,28.45807647705078
2008-04-29 00:00:00+05:30,29.012739181518555
2008-04-30 00:00:00+05:30,29.04852867126465
2008-05-02 00:00:00+05:30,29.67476463317871
2008-05-05 00:00:00+05:30,33.37852478027344
2008-05-06 00:00:00+05:30,31.759233474731445
2008-05-07 00:00:00+05:30,31.21352195739746
2008-05-08 00:00:00+05:30,31.034595489501953
2008-05-09 00:00:00+05:30,29.307964324951172
2008-05-12 00:00:00+05:30,28.25231170654297
2008-05-13 00:00:00+05:30,27.33083152770996
2008-05-14 00:00:00+05:30,27.921295166015625
2008-05-15 00:00:00+05:30,27.876558303833008
2008-05-16 00:00:00+05:30,27.64396858215332
2008-05-20 00:00:00+05:30,26.695663452148438
2008-05-21 00:00:00+05:30,26.25729751586914
2008-05-22 00:00:00+05:30,25.300046920776367
2008-05-23 00:00:00+05:30,25.595272064208984
2008-05-26 00:00:00+05:30,24.73642921447754
2008-05-27 00:00:00+05:30,24.333843231201172
2008-05-28 00:00:00+05:30,24.64695930480957
2008-05-29 00:00:00+05:30,24.05651092529297
2008-05-30 00:00:00+05:30,25.094282150268555
2008-06-02 00:00:00+05:30,23.761287689208984
2008-06-03 00:00:00+05:30,24.02967643737793
2008-06-04 00:00:00+05:30,22.768253326416016
2008-06-05 00:00:00+05:30,23.287132263183594
2008-06-06 00:00:00+05:30,23.01874351501465
2008-06-09 00:00:00+05:30,21.819944381713867
2008-06-10 00:00:00+05:30,21.256332397460938
2008-06-11 00:00:00+05:30,21.104246139526367
2008-06-12 00:00:00+05:30,20.81796646118164
2008-06-13 00:00:00+05:30,21.1668643951416
2008-06-16 00:00:00+05:30,21.784156799316406
2008-06-17 00:00:00+05:30,22.508806228637695
2008-06-18 00:00:00+05:30,22.1599063873291
2008-06-19 00:00:00+05:30,21.381582260131836
2008-06-20 00:00:00+05:30,20.78217887878418
2008-06-23 00:00:00+05:30,19.42234230041504
2008-06-24 00:00:00+05:30,19.887554168701172
2008-06-25 00:00:00+05:30,19.619163513183594
2008-06-26 00:00:00+05:30,19.780193328857422
2008-06-27 00:00:00+05:30,19.153959274291992
2008-06-30 00:00:00+05:30,18.32195472717285
2008-07-01 00:00:00+05:30,18.304059982299805
2008-07-02 00:00:00+05:30,19.21657943725586
2008-07-03 00:00:00+05:30,18.50088119506836
2008-07-04 00:00:00+05:30,19.019765853881836
2008-07-07 00:00:00+05:30,20.19172477722168
2008-07-08 00:00:00+05:30,20.06647300720215
2008-07-09 00:00:00+05:30,21.972034454345703
2008-07-10 00:00:00+05:30,22.061494827270508
2008-07-11 00:00:00+05:30,20.630088806152344
2008-07-14 00:00:00+05:30,20.386430740356445
2008-07-15 00:00:00+05:30,19.420801162719727
2008-07-16 00:00:00+05:30,20.04349708557129
2008-07-17 00:00:00+05:30,21.29790496826172
2008-07-18 00:00:00+05:30,22.28157615661621
2008-07-21 00:00:00+05:30,23.49086570739746
2008-07-22 00:00:00+05:30,23.517946243286133
2008-07-23 00:00:00+05:30,24.4113712310791
2008-07-24 00:00:00+05:30,23.806730270385742
2008-07-25 00:00:00+05:30,23.59013557434082
2008-07-28 00:00:00+05:30,23.454771041870117
2008-07-29 00:00:00+05:30,22.33572769165039
2008-07-30 00:00:00+05:30,23.463790893554688
2008-07-31 00:00:00+05:30,24.122589111328125
2008-08-01 00:00:00+05:30,24.4113712310791
2008-08-04 00:00:00+05:30,24.086483001708984
2008-08-05 00:00:00+05:30,25.349933624267578
2008-08-06 00:00:00+05:30,25.250648498535156
2008-08-07 00:00:00+05:30,26.306522369384766
2008-08-08 00:00:00+05:30,25.521394729614258
2008-08-11 00:00:00+05:30,26.071884155273438
2008-08-12 00:00:00+05:30,26.505062103271484
2008-08-13 00:00:00+05:30,25.061138153076172
2008-08-14 00:00:00+05:30,23.545011520385742
2008-08-18 00:00:00+05:30,23.47281265258789
2008-08-19 00:00:00+05:30,23.98721694946289
2008-08-20 00:00:00+05:30,24.51966667175293
2008-08-21 00:00:00+05:30,23.707456588745117
2008-08-22 00:00:00+05:30,23.626235961914062
2008-08-25 00:00:00+05:30,23.85185432434082
2008-08-26 00:00:00+05:30,23.797704696655273
2008-08-27 00:00:00+05:30,23.581119537353516
2008-08-28 00:00:00+05:30,24.16770362854004
2008-08-29 00:00:00+05:30,24.230880737304688
2008-09-01 00:00:00+05:30,23.770631790161133
2008-09-02 00:00:00+05:30,25.28675079345703
2008-09-04 00:00:00+05:30,25.1694278717041
2008-09-05 00:00:00+05:30,24.655029296875
2008-09-08 00:00:00+05:30,25.250648498535156
2008-09-09 00:00:00+05:30,24.862590789794922
2008-09-10 00:00:00+05:30,24.60991096496582
2008-09-11 00:00:00+05:30,23.806730270385742
2008-09-12 00:00:00+05:30,23.310379028320312
2008-09-15 00:00:00+05:30,22.597434997558594
2008-09-16 00:00:00+05:30,22.362804412841797
2008-09-17 00:00:00+05:30,22.092063903808594
2008-09-18 00:00:00+05:30,21.848400115966797
2008-09-19 00:00:00+05:30,23.18402862548828
2008-09-22 00:00:00+05:30,23.3825740814209
2008-09-23 00:00:00+05:30,22.52524185180664
2008-09-24 00:00:00+05:30,22.949392318725586
2008-09-25 00:00:00+05:30,22.471097946166992
2008-09-26 00:00:00+05:30,22.01084327697754
2008-09-29 00:00:00+05:30,22.705734252929688
2008-09-30 00:00:00+05:30,22.471097946166992
2008-10-01 00:00:00+05:30,22.913299560546875
2008-10-03 00:00:00+05:30,22.12816047668457
2008-10-06 00:00:00+05:30,21.306936264038086
2008-10-07 00:00:00+05:30,21.80328369140625
2008-10-08 00:00:00+05:30,20.15178871154785
2008-10-10 00:00:00+05:30,18.41005516052246
2008-10-13 00:00:00+05:30,19.574222564697266
2008-10-14 00:00:00+05:30,20.79252815246582
2008-10-15 00:00:00+05:30,20.449602127075195
2008-10-16 00:00:00+05:30,18.951526641845703
2008-10-17 00:00:00+05:30,19.574222564697266
2008-10-20 00:00:00+05:30,19.7005615234375
2008-10-21 00:00:00+05:30,20.305206298828125
2008-10-22 00:00:00+05:30,20.296180725097656
2008-10-23 00:00:00+05:30,19.52007484436035
2008-10-24 00:00:00+05:30,17.733219146728516
2008-10-27 00:00:00+05:30,16.36148452758789
2008-10-29 00:00:00+05:30,17.471498489379883
2008-10-31 00:00:00+05:30,18.743961334228516
2008-11-03 00:00:00+05:30,19.745685577392578
2008-11-04 00:00:00+05:30,20.657161712646484
2008-11-05 00:00:00+05:30,20.4676513671875
2008-11-06 00:00:00+05:30,19.763736724853516
2008-11-07 00:00:00+05:30,20.124711990356445
2008-11-10 00:00:00+05:30,21.099369049072266
2008-11-11 00:00:00+05:30,20.395456314086914
2008-11-12 00:00:00+05:30,19.447874069213867
2008-11-14 00:00:00+05:30,19.04177474975586
2008-11-17 00:00:00+05:30,18.53639793395996
2008-11-18 00:00:00+05:30,18.59054183959961
2008-11-19 00:00:00+05:30,18.915424346923828
2008-11-20 00:00:00+05:30,18.238584518432617
2008-11-21 00:00:00+05:30,18.608596801757812
2008-11-24 00:00:00+05:30,19.086891174316406
2008-11-25 00:00:00+05:30,19.16811752319336
2008-11-26 00:00:00+05:30,19.447874069213867
2008-11-27 00:00:00+05:30,19.447874069213867
2008-11-28 00:00:00+05:30,19.953250885009766
2008-12-01 00:00:00+05:30,19.80885887145996
2008-12-02 00:00:00+05:30,19.1951847076416
2008-12-03 00:00:00+05:30,19.673492431640625
2008-12-04 00:00:00+05:30,19.89910316467285
2008-12-05 00:00:00+05:30,20.205934524536133
2008-12-08 00:00:00+05:30,20.71131706237793
2008-12-10 00:00:00+05:30,22.39889907836914
2008-12-11 00:00:00+05:30,22.52524185180664
2008-12-12 00:00:00+05:30,22.949392318725586
2008-12-15 00:00:00+05:30,22.037919998168945
2008-12-16 00:00:00+05:30,22.75987434387207
2008-12-17 00:00:00+05:30,22.416946411132812
2008-12-18 00:00:00+05:30,22.20938491821289
2008-12-19 00:00:00+05:30,22.371824264526367
2008-12-22 00:00:00+05:30,23.52696418762207
2008-12-23 00:00:00+05:30,22.73280906677246
2008-12-24 00:00:00+05:30,23.49086570739746
2008-12-26 00:00:00+05:30,22.236452102661133
2008-12-29 00:00:00+05:30,23.373552322387695
2008-12-30 00:00:00+05:30,23.75257682800293
2008-12-31 00:00:00+05:30,24.023313522338867
2009-01-02 00:00:00+05:30,24.564790725708008
2009-01-05 00:00:00+05:30,25.837251663208008
2009-01-06 00:00:00+05:30,25.422119140625
2009-01-07 00:00:00+05:30,24.591861724853516
2009-01-09 00:00:00+05:30,24.700157165527344
2009-01-12 00:00:00+05:30,23.770631790161133
2009-01-13 00:00:00+05:30,23.545011520385742
2009-01-14 00:00:00+05:30,23.743553161621094
2009-01-15 00:00:00+05:30,23.82477569580078
2009-01-16 00:00:00+05:30,23.59013557434082
2009-01-19 00:00:00+05:30,23.617218017578125
2009-01-20 00:00:00+05:30,24.357223510742188
2009-01-21 00:00:00+05:30,23.43671417236328
2009-01-22 00:00:00+05:30,23.887948989868164
2009-01-23 00:00:00+05:30,23.35550308227539
2009-01-27 00:00:00+05:30,23.42769432067871
2009-01-28 00:00:00+05:30,24.023313522338867
2009-01-29 00:00:00+05:30,24.673084259033203
2009-01-30 00:00:00+05:30,25.061138153076172
2009-02-02 00:00:00+05:30,24.48356819152832
2009-02-03 00:00:00+05:30,24.104534149169922
2009-02-04 00:00:00+05:30,24.43844223022461
2009-02-05 00:00:00+05:30,24.266979217529297
2009-02-06 00:00:00+05:30,24.22186279296875
2009-02-09 00:00:00+05:30,24.33917236328125
2009-02-10 00:00:00+05:30,24.90771484375
2009-02-11 00:00:00+05:30,24.754301071166992
2009-02-12 00:00:00+05:30,24.73625373840332
2009-02-13 00:00:00+05:30,25.124311447143555
2009-02-16 00:00:00+05:30,25.00699234008789
2009-02-17 00:00:00+05:30,24.357223510742188
2009-02-18 00:00:00+05:30,24.952844619750977
2009-02-19 00:00:00+05:30,25.5394344329834
2009-02-20 00:00:00+05:30,24.781368255615234
2009-02-24 00:00:00+05:30,24.661746978759766
2009-02-25 00:00:00+05:30,25.563556671142578
2009-02-26 00:00:00+05:30,25.839624404907227
2009-02-27 00:00:00+05:30,26.56659698486328
2009-03-02 00:00:00+05:30,25.858028411865234
2009-03-03 00:00:00+05:30,25.167865753173828
2009-03-04 00:00:00+05:30,25.08504867553711
2009-03-05 00:00:00+05:30,24.38568687438965
2009-03-06 00:00:00+05:30,24.146434783935547
2009-03-09 00:00:00+05:30,23.76913833618164
2009-03-12 00:00:00+05:30,24.40408706665039
2009-03-13 00:00:00+05:30,25.259889602661133
2009-03-16 00:00:00+05:30,26.290529251098633
2009-03-17 00:00:00+05:30,25.581960678100586
2009-03-18 00:00:00+05:30,25.29669952392578
2009-03-19 00:00:00+05:30,24.183237075805664
2009-03-20 00:00:00+05:30,23.64030647277832
2009-03-23 00:00:00+05:30,24.40408706665039
2009-03-24 00:00:00+05:30,24.164836883544922
2009-03-25 00:00:00+05:30,24.229246139526367
2009-03-26 00:00:00+05:30,24.302865982055664
2009-03-27 00:00:00+05:30,25.287498474121094
2009-03-30 00:00:00+05:30,25.48073959350586
2009-03-31 00:00:00+05:30,26.612607955932617
2009-04-01 00:00:00+05:30,26.189306259155273
2009-04-02 00:00:00+05:30,26.584999084472656
2009-04-06 00:00:00+05:30,25.82122039794922
2009-04-08 00:00:00+05:30,25.904037475585938
2009-04-09 00:00:00+05:30,25.453134536743164
2009-04-13 00:00:00+05:30,24.753772735595703
2009-04-15 00:00:00+05:30,25.683185577392578
2009-04-16 00:00:00+05:30,26.60340118408203
2009-04-17 00:00:00+05:30,28.38861656188965
2009-04-20 00:00:00+05:30,29.759729385375977
2009-04-21 00:00:00+05:30,28.793516159057617
2009-04-22 00:00:00+05:30,28.09415626525879
2009-04-23 00:00:00+05:30,28.88553810119629
2009-04-24 00:00:00+05:30,29.060373306274414
2009-04-27 00:00:00+05:30,27.882495880126953
2009-04-28 00:00:00+05:30,27.61563491821289
2009-04-29 00:00:00+05:30,28.315000534057617
2009-04-30 00:00:00+05:30,28.315000534057617
2009-05-04 00:00:00+05:30,30.74436378479004
2009-05-05 00:00:00+05:30,31.195281982421875
2009-05-06 00:00:00+05:30,30.2198429107666
2009-05-07 00:00:00+05:30,30.376283645629883
2009-05-08 00:00:00+05:30,29.97138786315918
2009-05-11 00:00:00+05:30,28.78430938720703
2009-05-12 00:00:00+05:30,29.649309158325195
2009-05-13 00:00:00+05:30,30.449901580810547
2009-05-14 00:00:00+05:30,31.968259811401367
2009-05-15 00:00:00+05:30,32.06947326660156
2009-05-18 00:00:00+05:30,36.27484893798828
2009-05-19 00:00:00+05:30,36.75336456298828
2009-05-20 00:00:00+05:30,39.52322006225586
2009-05-21 00:00:00+05:30,37.37911605834961
2009-05-22 00:00:00+05:30,36.84538650512695
2009-05-25 00:00:00+05:30,37.710391998291016
2009-05-26 00:00:00+05:30,34.600067138671875
2009-05-27 00:00:00+05:30,35.4466667175293
2009-05-28 00:00:00+05:30,36.30245590209961
2009-05-29 00:00:00+05:30,35.6399040222168
2009-06-01 00:00:00+05:30,37.369911193847656
2009-06-02 00:00:00+05:30,36.4036865234375
2009-06-03 00:00:00+05:30,37.176666259765625
2009-06-04 00:00:00+05:30,38.317726135253906
2009-06-05 00:00:00+05:30,37.7656135559082
2009-06-08 00:00:00+05:30,35.01416015625
2009-06-09 00:00:00+05:30,36.30245590209961
2009-06-10 00:00:00+05:30,36.42209243774414
2009-06-11 00:00:00+05:30,37.038639068603516
2009-06-12 00:00:00+05:30,36.48650360107422
2009-06-15 00:00:00+05:30,35.787132263183594
2009-06-16 00:00:00+05:30,37.94965362548828
2009-06-17 00:00:00+05:30,36.05400848388672
2009-06-18 00:00:00+05:30,34.86692810058594
2009-06-19 00:00:00+05:30,34.47123718261719
2009-06-22 00:00:00+05:30,34.04793167114258
2009-06-23 00:00:00+05:30,34.68288803100586
2009-06-24 00:00:00+05:30,35.235015869140625
2009-06-25 00:00:00+05:30,35.667518615722656
2009-06-26 00:00:00+05:30,37.0478401184082
2009-06-29 00:00:00+05:30,37.47113037109375
2009-06-30 00:00:00+05:30,35.71352767944336
2009-07-01 00:00:00+05:30,35.888370513916016
2009-07-02 00:00:00+05:30,38.244110107421875
2009-07-03 00:00:00+05:30,38.409759521484375
2009-07-06 00:00:00+05:30,35.83315658569336
2009-07-07 00:00:00+05:30,35.989593505859375
2009-07-08 00:00:00+05:30,34.72890090942383
2009-07-09 00:00:00+05:30,35.41905975341797
2009-07-10 00:00:00+05:30,36.21965026855469
2009-07-13 00:00:00+05:30,35.869956970214844
2009-07-14 00:00:00+05:30,39.39438247680664
2009-07-15 00:00:00+05:30,41.455665588378906
2009-07-16 00:00:00+05:30,39.73487091064453
2009-07-17 00:00:00+05:30,40.24098205566406
2009-07-20 00:00:00+05:30,40.5262451171875
2009-07-21 00:00:00+05:30,41.5292854309082
2009-07-22 00:00:00+05:30,39.90971374511719
2009-07-23 00:00:00+05:30,40.471046447753906
2009-07-24 00:00:00+05:30,39.99252700805664
2009-07-27 00:00:00+05:30,40.25938034057617
2009-07-28 00:00:00+05:30,41.47407150268555
2009-07-29 00:00:00+05:30,42.44029235839844
2009-07-30 00:00:00+05:30,43.05683898925781
2009-07-31 00:00:00+05:30,43.05683898925781
2009-08-03 00:00:00+05:30,42.9924201965332
2009-08-04 00:00:00+05:30,42.68875503540039
2009-08-05 00:00:00+05:30,41.61210632324219
2009-08-06 00:00:00+05:30,40.682701110839844
2009-08-07 00:00:00+05:30,39.44959259033203
2009-08-10 00:00:00+05:30,38.76863479614258
2009-08-11 00:00:00+05:30,39.872894287109375
2009-08-12 00:00:00+05:30,39.19194030761719
2009-08-13 00:00:00+05:30,40.931129455566406
2009-08-14 00:00:00+05:30,39.44038391113281
2009-08-17 00:00:00+05:30,38.45576477050781
2009-08-18 00:00:00+05:30,40.379024505615234
2009-08-19 00:00:00+05:30,39.09992980957031
2009-08-20 00:00:00+05:30,40.415828704833984
2009-08-21 00:00:00+05:30,40.32380676269531
2009-08-24 00:00:00+05:30,40.63668441772461
2009-08-25 00:00:00+05:30,41.54769515991211
2009-08-26 00:00:00+05:30,42.394283294677734
2009-08-27 00:00:00+05:30,44.17949295043945
2009-08-28 00:00:00+05:30,44.427940368652344
2009-08-31 00:00:00+05:30,44.39115524291992
2009-09-01 00:00:00+05:30,43.360496520996094
2009-09-02 00:00:00+05:30,42.375877380371094
2009-09-03 00:00:00+05:30,42.65194320678711
2009-09-04 00:00:00+05:30,42.302268981933594
2009-09-07 00:00:00+05:30,41.86720657348633
2009-09-08 00:00:00+05:30,41.6543083190918
2009-09-09 00:00:00+05:30,41.589508056640625
2009-09-10 00:00:00+05:30,41.6543083190918
2009-09-11 00:00:00+05:30,42.30226135253906
2009-09-14 00:00:00+05:30,41.40437698364258
2009-09-15 00:00:00+05:30,41.617271423339844
2009-09-16 00:00:00+05:30,43.394535064697266
2009-09-17 00:00:00+05:30,42.66327667236328
2009-09-18 00:00:00+05:30,42.18193054199219
2009-09-22 00:00:00+05:30,42.83913803100586
2009-09-23 00:00:00+05:30,42.04308319091797
2009-09-24 00:00:00+05:30,42.82062530517578
2009-09-25 00:00:00+05:30,42.644752502441406
2009-09-29 00:00:00+05:30,42.607730865478516
2009-09-30 00:00:00+05:30,42.39482879638672
2009-10-01 00:00:00+05:30,42.44110870361328
2009-10-05 00:00:00+05:30,41.811668395996094
2009-10-06 00:00:00+05:30,42.292999267578125
2009-10-07 00:00:00+05:30,42.33002853393555
2009-10-08 00:00:00+05:30,42.13564682006836
2009-10-09 00:00:00+05:30,41.80240249633789
2009-10-12 00:00:00+05:30,42.75583267211914
2009-10-13 00:00:00+05:30,42.75583267211914
2009-10-14 00:00:00+05:30,43.625946044921875
2009-10-15 00:00:00+05:30,43.26494216918945
2009-10-16 00:00:00+05:30,43.838836669921875
2009-10-20 00:00:00+05:30,42.570701599121094
2009-10-21 00:00:00+05:30,42.95022201538086
2009-10-22 00:00:00+05:30,42.23746871948242
2009-10-23 00:00:00+05:30,42.32077407836914
2009-10-26 00:00:00+05:30,42.3670654296875
2009-10-27 00:00:00+05:30,41.99679946899414
2009-10-28 00:00:00+05:30,41.228519439697266
2009-10-29 00:00:00+05:30,41.126678466796875
2009-10-30 00:00:00+05:30,41.043365478515625
2009-11-03 00:00:00+05:30,38.66445541381836
2009-11-04 00:00:00+05:30,39.66415786743164
2009-11-05 00:00:00+05:30,39.08100128173828
2009-11-06 00:00:00+05:30,39.765968322753906
2009-11-09 00:00:00+05:30,41.00634002685547
2009-11-10 00:00:00+05:30,40.978580474853516
2009-11-11 00:00:00+05:30,41.626529693603516
2009-11-12 00:00:00+05:30,41.3303337097168
2009-11-13 00:00:00+05:30,41.80240249633789
2009-11-16 00:00:00+05:30,42.96873092651367
2009-11-17 00:00:00+05:30,44.4312629699707
2009-11-18 00:00:00+05:30,45.579071044921875
2009-11-19 00:00:00+05:30,46.967533111572266
2009-11-20 00:00:00+05:30,46.63431167602539
2009-11-23 00:00:00+05:30,46.5324821472168
2009-11-24 00:00:00+05:30,46.902748107910156
2009-11-25 00:00:00+05:30,47.38408660888672
2009-11-26 00:00:00+05:30,46.82870864868164
2009-11-27 00:00:00+05:30,45.403202056884766
2009-11-30 00:00:00+05:30,46.495460510253906
2009-12-01 00:00:00+05:30,46.578758239746094
2009-12-02 00:00:00+05:30,47.124908447265625
2009-12-03 00:00:00+05:30,48.096824645996094
2009-12-04 00:00:00+05:30,49.105804443359375
2009-12-07 00:00:00+05:30,49.79078674316406
2009-12-08 00:00:00+05:30,48.66147994995117
2009-12-09 00:00:00+05:30,49.12430953979492
2009-12-10 00:00:00+05:30,48.54115676879883
2009-12-11 00:00:00+05:30,48.45783615112305
2009-12-14 00:00:00+05:30,47.883941650390625
2009-12-15 00:00:00+05:30,46.99531173706055
2009-12-16 00:00:00+05:30,46.95829391479492
2009-12-17 00:00:00+05:30,47.11566162109375
2009-12-18 00:00:00+05:30,46.73612594604492
2009-12-21 00:00:00+05:30,45.3476448059082
2009-12-22 00:00:00+05:30,46.171485900878906
2009-12-23 00:00:00+05:30,47.0323371887207
2009-12-24 00:00:00+05:30,47.43037414550781
2009-12-29 00:00:00+05:30,47.18043899536133
2009-12-30 00:00:00+05:30,47.41187286376953
2009-12-31 00:00:00+05:30,48.402313232421875
2010-01-04 00:00:00+05:30,47.300777435302734
2010-01-05 00:00:00+05:30,48.33751678466797
2010-01-06 00:00:00+05:30,48.07831573486328
2010-01-07 00:00:00+05:30,48.115360260009766
2010-01-08 00:00:00+05:30,47.8469123840332
2010-01-11 00:00:00+05:30,49.77225875854492
2010-01-12 00:00:00+05:30,50.05921936035156
2010-01-13 00:00:00+05:30,50.25360107421875
2010-01-14 00:00:00+05:30,52.33631896972656
2010-01-15 00:00:00+05:30,52.058624267578125
2010-01-18 00:00:00+05:30,50.947853088378906
2010-01-19 00:00:00+05:30,50.17030334472656
2010-01-20 00:00:00+05:30,50.716426849365234
2010-01-21 00:00:00+05:30,50.33692169189453
2010-01-22 00:00:00+05:30,49.688968658447266
2010-01-25 00:00:00+05:30,49.16134262084961
2010-01-27 00:00:00+05:30,45.356910705566406
2010-01-28 00:00:00+05:30,44.82929229736328
2010-01-29 00:00:00+05:30,44.82929229736328
2010-02-01 00:00:00+05:30,46.2177619934082
2010-02-02 00:00:00+05:30,46.976802825927734
2010-02-03 00:00:00+05:30,48.02592468261719
2010-02-04 00:00:00+05:30,47.82921600341797
2010-02-05 00:00:00+05:30,47.27656173706055
2010-02-08 00:00:00+05:30,45.68411636352539
2010-02-09 00:00:00+05:30,46.14311218261719
2010-02-10 00:00:00+05:30,46.4428825378418
2010-02-11 00:00:00+05:30,45.30006790161133
2010-02-15 00:00:00+05:30,45.72157669067383
2010-02-16 00:00:00+05:30,45.74032211303711
2010-02-17 00:00:00+05:30,45.37499237060547
2010-02-18 00:00:00+05:30,43.94180679321289
2010-02-19 00:00:00+05:30,43.979278564453125
2010-02-22 00:00:00+05:30,43.53901672363281
2010-02-23 00:00:00+05:30,43.45470428466797
2010-02-24 00:00:00+05:30,45.35625076293945
2010-02-25 00:00:00+05:30,46.81755828857422
2010-02-26 00:00:00+05:30,46.892494201660156
2010-03-02 00:00:00+05:30,46.133750915527344
2010-03-03 00:00:00+05:30,48.522396087646484
2010-03-04 00:00:00+05:30,48.19453811645508
2010-03-05 00:00:00+05:30,48.653541564941406
2010-03-08 00:00:00+05:30,49.234310150146484
2010-03-09 00:00:00+05:30,48.49429702758789
2010-03-10 00:00:00+05:30,47.71680450439453
2010-03-11 00:00:00+05:30,48.51302719116211
2010-03-12 00:00:00+05:30,49.68393325805664
2010-03-15 00:00:00+05:30,49.9930534362793
2010-03-16 00:00:00+05:30,48.728485107421875
2010-03-17 00:00:00+05:30,48.23200988769531
2010-03-18 00:00:00+05:30,48.60669708251953
2010-03-19 00:00:00+05:30,48.531761169433594
2010-03-22 00:00:00+05:30,48.11960220336914
2010-03-23 00:00:00+05:30,48.13833236694336
2010-03-25 00:00:00+05:30,48.25074768066406
2010-03-26 00:00:00+05:30,49.17811584472656
2010-03-29 00:00:00+05:30,48.859615325927734
2010-03-30 00:00:00+05:30,48.503658294677734
2010-03-31 00:00:00+05:30,48.4006233215332
2010-04-01 00:00:00+05:30,48.89708709716797
2010-04-05 00:00:00+05:30,49.09380340576172
2010-04-06 00:00:00+05:30,50.948509216308594
2010-04-07 00:00:00+05:30,51.0984001159668
2010-04-08 00:00:00+05:30,50.171024322509766
2010-04-09 00:00:00+05:30,50.57382583618164
2010-04-12 00:00:00+05:30,49.74951171875
2010-04-13 00:00:00+05:30,48.850257873535156
2010-04-15 00:00:00+05:30,48.47555923461914
2010-04-16 00:00:00+05:30,48.9626579284668
2010-04-19 00:00:00+05:30,47.894805908203125
2010-04-20 00:00:00+05:30,49.68393325805664
2010-04-21 00:00:00+05:30,50.07736587524414
2010-04-22 00:00:00+05:30,50.67686462402344
2010-04-23 00:00:00+05:30,51.341941833496094
2010-04-26 00:00:00+05:30,52.87818145751953
2010-04-27 00:00:00+05:30,51.68853759765625
2010-04-28 00:00:00+05:30,52.334877014160156
2010-04-29 00:00:00+05:30,51.37941360473633
2010-04-30 00:00:00+05:30,50.405208587646484
2010-05-03 00:00:00+05:30,50.56446838378906
2010-05-04 00:00:00+05:30,51.070289611816406
2010-05-05 00:00:00+05:30,51.604225158691406
2010-05-06 00:00:00+05:30,51.93208694458008
2010-05-07 00:00:00+05:30,49.665184020996094
2010-05-10 00:00:00+05:30,52.25993728637695
2010-05-11 00:00:00+05:30,51.997650146484375
2010-05-12 00:00:00+05:30,52.95310592651367
2010-05-13 00:00:00+05:30,54.3394660949707
2010-05-14 00:00:00+05:30,53.871097564697266
2010-05-17 00:00:00+05:30,54.938968658447266
2010-05-18 00:00:00+05:30,53.936668395996094
2010-05-19 00:00:00+05:30,52.35361099243164
2010-05-20 00:00:00+05:30,54.06781768798828
2010-05-21 00:00:00+05:30,54.07720184326172
2010-05-24 00:00:00+05:30,53.82426071166992
2010-05-25 00:00:00+05:30,52.700191497802734
2010-05-26 00:00:00+05:30,53.346534729003906
2010-05-27 00:00:00+05:30,52.93437576293945
2010-05-28 00:00:00+05:30,54.273902893066406
2010-05-31 00:00:00+05:30,55.49163818359375
2010-06-01 00:00:00+05:30,53.505767822265625
2010-06-02 00:00:00+05:30,54.0865478515625
2010-06-03 00:00:00+05:30,54.583011627197266
2010-06-04 00:00:00+05:30,54.92023468017578
2010-06-07 00:00:00+05:30,55.56655502319336
2010-06-08 00:00:00+05:30,54.854671478271484
2010-06-09 00:00:00+05:30,56.70937728881836
2010-06-10 00:00:00+05:30,56.57823944091797
2010-06-11 00:00:00+05:30,56.52203369140625
2010-06-14 00:00:00+05:30,55.99745178222656
2010-06-15 00:00:00+05:30,55.62278747558594
2010-06-16 00:00:00+05:30,54.90149688720703
2010-06-17 00:00:00+05:30,54.648582458496094
2010-06-18 00:00:00+05:30,54.367557525634766
2010-06-21 00:00:00+05:30,54.49869155883789
2010-06-22 00:00:00+05:30,54.414424896240234
2010-06-23 00:00:00+05:30,54.14274215698242
2010-06-24 00:00:00+05:30,53.54323959350586
2010-06-25 00:00:00+05:30,52.559696197509766
2010-06-28 00:00:00+05:30,54.0865478515625
2010-06-29 00:00:00+05:30,55.519744873046875
2010-06-30 00:00:00+05:30,56.23164749145508
2010-07-01 00:00:00+05:30,55.875694274902344
2010-07-02 00:00:00+05:30,55.10757827758789
2010-07-05 00:00:00+05:30,55.66022491455078
2010-07-06 00:00:00+05:30,55.88505554199219
2010-07-07 00:00:00+05:30,56.034950256347656
2010-07-08 00:00:00+05:30,56.962284088134766
2010-07-09 00:00:00+05:30,57.62736892700195
2010-07-12 00:00:00+05:30,57.112186431884766
2010-07-13 00:00:00+05:30,59.06993103027344
2010-07-14 00:00:00+05:30,59.62260818481445
2010-07-15 00:00:00+05:30,58.507896423339844
2010-07-16 00:00:00+05:30,60.84971237182617
2010-07-19 00:00:00+05:30,61.88946533203125
2010-07-20 00:00:00+05:30,62.14238739013672
2010-07-21 00:00:00+05:30,61.26186752319336
2010-07-22 00:00:00+05:30,60.54995346069336
2010-07-23 00:00:00+05:30,59.47273254394531
2010-07-26 00:00:00+05:30,59.510189056396484
2010-07-27 00:00:00+05:30,59.99729919433594
2010-07-28 00:00:00+05:30,59.575748443603516
2010-07-29 00:00:00+05:30,59.060569763183594
2010-07-30 00:00:00+05:30,59.650699615478516
2010-08-02 00:00:00+05:30,60.99022674560547
2010-08-03 00:00:00+05:30,61.627193450927734
2010-08-04 00:00:00+05:30,60.84034729003906
2010-08-05 00:00:00+05:30,59.575748443603516
2010-08-06 00:00:00+05:30,59.99729919433594
2010-08-09 00:00:00+05:30,60.99958801269531
2010-08-10 00:00:00+05:30,60.64362335205078
2010-08-11 00:00:00+05:30,59.688175201416016
2010-08-12 00:00:00+05:30,61.61782455444336
2010-08-13 00:00:00+05:30,62.21731948852539
2010-08-16 00:00:00+05:30,63.500648498535156
2010-08-17 00:00:00+05:30,63.575584411621094
2010-08-18 00:00:00+05:30,63.257102966308594
2010-08-19 00:00:00+05:30,62.807464599609375
2010-08-20 00:00:00+05:30,62.39531326293945
2010-08-23 00:00:00+05:30,63.968997955322266
2010-08-24 00:00:00+05:30,63.500648498535156
2010-08-25 00:00:00+05:30,63.14469528198242
2010-08-26 00:00:00+05:30,63.06977081298828
2010-08-27 00:00:00+05:30,64.03456115722656
2010-08-30 00:00:00+05:30,65.84246826171875
2010-08-31 00:00:00+05:30,65.41156005859375
2010-09-01 00:00:00+05:30,65.37410736083984
2010-09-02 00:00:00+05:30,64.98066711425781
2010-09-03 00:00:00+05:30,64.9242172241211
2010-09-06 00:00:00+05:30,66.14724731445312
2010-09-07 00:00:00+05:30,65.14058685302734
2010-09-08 00:00:00+05:30,65.28172302246094
2010-09-09 00:00:00+05:30,65.8367919921875
2010-09-13 00:00:00+05:30,65.90264892578125
2010-09-14 00:00:00+05:30,67.24798583984375
2010-09-15 00:00:00+05:30,66.53297424316406
2010-09-16 00:00:00+05:30,67.18212890625
2010-09-17 00:00:00+05:30,66.89988708496094
2010-09-20 00:00:00+05:30,66.48593139648438
2010-09-21 00:00:00+05:30,64.48204803466797
2010-09-22 00:00:00+05:30,63.58829879760742
2010-09-23 00:00:00+05:30,64.10572052001953
2010-09-24 00:00:00+05:30,64.43499755859375
2010-09-27 00:00:00+05:30,64.5196762084961
2010-09-28 00:00:00+05:30,64.13394927978516
2010-09-29 00:00:00+05:30,64.67961883544922
2010-09-30 00:00:00+05:30,64.63257598876953
2010-10-01 00:00:00+05:30,66.6552505493164
2010-10-04 00:00:00+05:30,67.7560043334961
2010-10-05 00:00:00+05:30,67.74659729003906
2010-10-06 00:00:00+05:30,69.50587463378906
2010-10-07 00:00:00+05:30,68.09469604492188
2010-10-08 00:00:00+05:30,68.45218658447266
2010-10-11 00:00:00+05:30,70.90766906738281
2010-10-12 00:00:00+05:30,69.26127624511719
2010-10-13 00:00:00+05:30,71.61328887939453
2010-10-14 00:00:00+05:30,70.41847229003906
2010-10-15 00:00:00+05:30,68.536865234375
2010-10-18 00:00:00+05:30,68.49925231933594
2010-10-19 00:00:00+05:30,67.69017028808594
2010-10-20 00:00:00+05:30,68.35811614990234
2010-10-21 00:00:00+05:30,69.39299011230469
2010-10-22 00:00:00+05:30,69.43062591552734
2010-10-25 00:00:00+05:30,70.62543487548828
2010-10-26 00:00:00+05:30,70.07038116455078
2010-10-27 00:00:00+05:30,69.47767639160156
2010-10-28 00:00:00+05:30,67.37969970703125
2010-10-29 00:00:00+05:30,67.73719787597656
2010-11-01 00:00:00+05:30,68.3487319946289
2010-11-02 00:00:00+05:30,69.40240478515625
2010-11-03 00:00:00+05:30,69.69405364990234
2010-11-04 00:00:00+05:30,69.628173828125
2010-11-08 00:00:00+05:30,70.24910736083984
2010-11-09 00:00:00+05:30,70.59719848632812
2010-11-10 00:00:00+05:30,69.28010559082031
2010-11-11 00:00:00+05:30,68.18877410888672
2010-11-12 00:00:00+05:30,65.18763732910156
2010-11-15 00:00:00+05:30,66.1284408569336
2010-11-16 00:00:00+05:30,65.5545654296875
2010-11-18 00:00:00+05:30,65.96852111816406
2010-11-19 00:00:00+05:30,63.9740104675293
2010-11-22 00:00:00+05:30,65.8555908203125
2010-11-23 00:00:00+05:30,64.54789733886719
2010-11-24 00:00:00+05:30,63.400123596191406
2010-11-25 00:00:00+05:30,59.74985122680664
2010-11-26 00:00:00+05:30,58.9784049987793
2010-11-29 00:00:00+05:30,59.80628204345703
2010-11-30 00:00:00+05:30,63.36249923706055
2010-12-01 00:00:00+05:30,63.49422073364258
2010-12-02 00:00:00+05:30,63.795257568359375
2010-12-03 00:00:00+05:30,61.59381103515625
2010-12-06 00:00:00+05:30,60.40840148925781
2010-12-07 00:00:00+05:30,58.7055778503418
2010-12-08 00:00:00+05:30,58.45155334472656
2010-12-09 00:00:00+05:30,55.92082214355469
2010-12-10 00:00:00+05:30,57.3602409362793
2010-12-13 00:00:00+05:30,59.58049774169922
2010-12-14 00:00:00+05:30,61.94190979003906
2010-12-15 00:00:00+05:30,59.721622467041016
2010-12-16 00:00:00+05:30,60.31433868408203
2010-12-20 00:00:00+05:30,62.130062103271484
2010-12-21 00:00:00+05:30,60.03208923339844
2010-12-22 00:00:00+05:30,60.20143127441406
2010-12-23 00:00:00+05:30,60.747100830078125
2010-12-24 00:00:00+05:30,60.747100830078125
2010-12-27 00:00:00+05:30,60.154388427734375
2010-12-28 00:00:00+05:30,59.7686653137207
2010-12-29 00:00:00+05:30,58.075225830078125
2010-12-30 00:00:00+05:30,57.32258987426758
2010-12-31 00:00:00+05:30,58.38570022583008
2011-01-03 00:00:00+05:30,57.77417755126953
2011-01-04 00:00:00+05:30,57.96233367919922
2011-01-05 00:00:00+05:30,56.6922721862793
2011-01-06 00:00:00+05:30,56.099571228027344
2011-01-07 00:00:00+05:30,54.89535903930664
2011-01-10 00:00:00+05:30,54.820091247558594
2011-01-11 00:00:00+05:30,54.18975830078125
2011-01-12 00:00:00+05:30,54.10507583618164
2011-01-13 00:00:00+05:30,53.81344985961914
2011-01-14 00:00:00+05:30,52.49631881713867
2011-01-17 00:00:00+05:30,51.329750061035156
2011-01-18 00:00:00+05:30,52.73152160644531
2011-01-19 00:00:00+05:30,53.69114303588867
2011-01-20 00:00:00+05:30,54.970611572265625
2011-01-21 00:00:00+05:30,54.351680755615234
2011-01-24 00:00:00+05:30,54.5135498046875
2011-01-25 00:00:00+05:30,52.49489974975586
2011-01-27 00:00:00+05:30,50.504791259765625
2011-01-28 00:00:00+05:30,48.457557678222656
2011-01-31 00:00:00+05:30,46.69599151611328
2011-02-01 00:00:00+05:30,46.83881378173828
2011-02-02 00:00:00+05:30,47.943363189697266
2011-02-03 00:00:00+05:30,49.8287239074707
2011-02-04 00:00:00+05:30,48.55276870727539
2011-02-07 00:00:00+05:30,49.914424896240234
2011-02-08 00:00:00+05:30,49.31452941894531
2011-02-09 00:00:00+05:30,48.686092376708984
2011-02-10 00:00:00+05:30,48.0671501159668
2011-02-11 00:00:00+05:30,47.6481819152832
2011-02-14 00:00:00+05:30,50.28578186035156
2011-02-15 00:00:00+05:30,49.9049072265625
2011-02-16 00:00:00+05:30,48.505157470703125
2011-02-17 00:00:00+05:30,49.257408142089844
2011-02-18 00:00:00+05:30,46.41984939575195
2011-02-21 00:00:00+05:30,45.80091857910156
2011-02-22 00:00:00+05:30,46.60074996948242
2011-02-23 00:00:00+05:30,46.84833908081055
2011-02-24 00:00:00+05:30,45.6009407043457
2011-02-25 00:00:00+05:30,47.14350128173828
2011-02-28 00:00:00+05:30,47.26730728149414
2011-03-01 00:00:00+05:30,48.571815490722656
2011-03-03 00:00:00+05:30,49.466896057128906
2011-03-04 00:00:00+05:30,50.94280242919922
2011-03-07 00:00:00+05:30,50.0667724609375
2011-03-08 00:00:00+05:30,48.62895202636719
2011-03-09 00:00:00+05:30,48.44803237915039
2011-03-10 00:00:00+05:30,46.934024810791016
2011-03-11 00:00:00+05:30,46.24844741821289
2011-03-14 00:00:00+05:30,45.81043243408203
2011-03-15 00:00:00+05:30,44.29643630981445
2011-03-16 00:00:00+05:30,44.791568756103516
2011-03-17 00:00:00+05:30,44.686832427978516
2011-03-18 00:00:00+05:30,43.886993408203125
2011-03-21 00:00:00+05:30,42.17302322387695
2011-03-22 00:00:00+05:30,42.05876541137695
2011-03-23 00:00:00+05:30,43.458492279052734
2011-03-24 00:00:00+05:30,44.486881256103516
2011-03-25 00:00:00+05:30,46.63884735107422
2011-03-28 00:00:00+05:30,47.35301208496094
2011-03-29 00:00:00+05:30,46.705501556396484
2011-03-30 00:00:00+05:30,47.58153533935547
2011-03-31 00:00:00+05:30,47.6005859375
2011-04-01 00:00:00+05:30,46.01991653442383
2011-04-04 00:00:00+05:30,46.91499328613281
2011-04-05 00:00:00+05:30,47.943363189697266
2011-04-06 00:00:00+05:30,48.981266021728516
2011-04-07 00:00:00+05:30,49.73350524902344
2011-04-08 00:00:00+05:30,49.26692581176758
2011-04-11 00:00:00+05:30,47.676761627197266
2011-04-13 00:00:00+05:30,48.476600646972656
2011-04-15 00:00:00+05:30,47.9909782409668
2011-04-18 00:00:00+05:30,47.20063400268555
2011-04-19 00:00:00+05:30,46.78168487548828
2011-04-20 00:00:00+05:30,45.124855041503906
2011-04-21 00:00:00+05:30,43.36326599121094
2011-04-25 00:00:00+05:30,42.53486251831055
2011-04-26 00:00:00+05:30,43.50611114501953
2011-04-27 00:00:00+05:30,43.353736877441406
2011-04-28 00:00:00+05:30,43.058563232421875
2011-04-29 00:00:00+05:30,44.105995178222656
2011-05-02 00:00:00+05:30,44.105995178222656
2011-05-03 00:00:00+05:30,42.55390548706055
2011-05-04 00:00:00+05:30,40.9351692199707
2011-05-05 00:00:00+05:30,40.97325134277344
2011-05-06 00:00:00+05:30,40.83995056152344
2011-05-09 00:00:00+05:30,40.173397064208984
2011-05-10 00:00:00+05:30,40.79233169555664
2011-05-11 00:00:00+05:30,41.50648880004883
2011-05-12 00:00:00+05:30,41.10655212402344
2011-05-13 00:00:00+05:30,41.1160888671875
2011-05-16 00:00:00+05:30,41.420780181884766
2011-05-17 00:00:00+05:30,41.992103576660156
2011-05-18 00:00:00+05:30,41.1160888671875
2011-05-19 00:00:00+05:30,41.0589485168457
2011-05-20 00:00:00+05:30,40.76375961303711
2011-05-23 00:00:00+05:30,40.230533599853516
2011-05-24 00:00:00+05:30,38.449913024902344
2011-05-25 00:00:00+05:30,38.28803253173828
2011-05-26 00:00:00+05:30,38.12616729736328
2011-05-27 00:00:00+05:30,37.992862701416016
2011-05-30 00:00:00+05:30,38.107120513916016
2011-05-31 00:00:00+05:30,38.51655960083008
2011-06-01 00:00:00+05:30,38.96409225463867
2011-06-02 00:00:00+05:30,39.078369140625
2011-06-03 00:00:00+05:30,38.84031677246094
2011-06-06 00:00:00+05:30,38.668914794921875
2011-06-07 00:00:00+05:30,38.507049560546875
2011-06-08 00:00:00+05:30,38.38325119018555
2011-06-09 00:00:00+05:30,38.107120513916016
2011-06-10 00:00:00+05:30,38.20232391357422
2011-06-13 00:00:00+05:30,38.26899337768555
2011-06-14 00:00:00+05:30,38.107120513916016
2011-06-15 00:00:00+05:30,37.535797119140625
2011-06-16 00:00:00+05:30,35.898014068603516
2011-06-17 00:00:00+05:30,34.412574768066406
2011-06-20 00:00:00+05:30,33.51750564575195
2011-06-21 00:00:00+05:30,32.55577850341797
2011-06-22 00:00:00+05:30,33.32706069946289
2011-06-23 00:00:00+05:30,33.33659362792969
2011-06-24 00:00:00+05:30,33.97456741333008
2011-06-27 00:00:00+05:30,35.11720657348633
2011-06-28 00:00:00+05:30,34.33640670776367
2011-06-29 00:00:00+05:30,35.250518798828125
2011-06-30 00:00:00+05:30,35.01246643066406
2011-07-01 00:00:00+05:30,36.535987854003906
2011-07-04 00:00:00+05:30,36.9549560546875
2011-07-05 00:00:00+05:30,36.75499725341797
2011-07-06 00:00:00+05:30,37.51675796508789
2011-07-07 00:00:00+05:30,38.069026947021484
2011-07-08 00:00:00+05:30,36.93592071533203
2011-07-11 00:00:00+05:30,36.9549560546875
2011-07-12 00:00:00+05:30,35.75517654418945
2011-07-13 00:00:00+05:30,37.0311279296875
2011-07-14 00:00:00+05:30,40.59236526489258
2011-07-15 00:00:00+05:30,40.24006652832031
2011-07-18 00:00:00+05:30,41.29700469970703
2011-07-19 00:00:00+05:30,40.82090377807617
2011-07-20 00:00:00+05:30,40.51619338989258
2011-07-21 00:00:00+05:30,39.76395034790039
2011-07-22 00:00:00+05:30,39.82108688354492
2011-07-25 00:00:00+05:30,40.30670928955078
2011-07-26 00:00:00+05:30,38.402305603027344
2011-07-27 00:00:00+05:30,36.65024948120117
2011-07-28 00:00:00+05:30,35.43143844604492
2011-07-29 00:00:00+05:30,35.06959533691406
2011-08-01 00:00:00+05:30,35.77421951293945
2011-08-02 00:00:00+05:30,34.17451477050781
2011-08-03 00:00:00+05:30,34.79345703125
2011-08-04 00:00:00+05:30,35.364776611328125
2011-08-05 00:00:00+05:30,33.346107482910156
2011-08-08 00:00:00+05:30,32.631961822509766
2011-08-09 00:00:00+05:30,33.308021545410156
2011-08-10 00:00:00+05:30,33.06045150756836
2011-08-11 00:00:00+05:30,32.984275817871094
2011-08-12 00:00:00+05:30,32.25108337402344
2011-08-16 00:00:00+05:30,31.955894470214844
2011-08-17 00:00:00+05:30,30.337160110473633
2011-08-18 00:00:00+05:30,28.527963638305664
2011-08-19 00:00:00+05:30,27.756689071655273
2011-08-22 00:00:00+05:30,28.20421600341797
2011-08-23 00:00:00+05:30,28.556541442871094
2011-08-24 00:00:00+05:30,27.175840377807617
2011-08-25 00:00:00+05:30,26.033205032348633
2011-08-26 00:00:00+05:30,25.338090896606445
2011-08-29 00:00:00+05:30,26.62356948852539
2011-08-30 00:00:00+05:30,27.718597412109375
2011-09-02 00:00:00+05:30,28.0709171295166
2011-09-05 00:00:00+05:30,27.823335647583008
2011-09-06 00:00:00+05:30,27.670989990234375
2011-09-07 00:00:00+05:30,28.61366844177246
2011-09-08 00:00:00+05:30,28.442276000976562
2011-09-09 00:00:00+05:30,28.185169219970703
2011-09-12 00:00:00+05:30,27.386760711669922
2011-09-13 00:00:00+05:30,27.608001708984375
2011-09-14 00:00:00+05:30,27.72343635559082
2011-09-15 00:00:00+05:30,30.012893676757812
2011-09-16 00:00:00+05:30,31.013322830200195
2011-09-19 00:00:00+05:30,30.205272674560547
2011-09-20 00:00:00+05:30,30.638154983520508
2011-09-21 00:00:00+05:30,31.542388916015625
2011-09-22 00:00:00+05:30,29.464576721191406
2011-09-23 00:00:00+05:30,28.8681640625
2011-09-26 00:00:00+05:30,28.82006072998047
2011-09-27 00:00:00+05:30,29.637723922729492
2011-09-28 00:00:00+05:30,29.32028579711914
2011-09-29 00:00:00+05:30,28.964351654052734
2011-09-30 00:00:00+05:30,28.858543395996094
2011-10-03 00:00:00+05:30,27.37713623046875
2011-10-04 00:00:00+05:30,26.049638748168945
2011-10-05 00:00:00+05:30,25.68410301208496
2011-10-07 00:00:00+05:30,26.76148796081543
2011-10-10 00:00:00+05:30,27.627241134643555
2011-10-11 00:00:00+05:30,28.473766326904297
2011-10-12 00:00:00+05:30,29.118268966674805
2011-10-13 00:00:00+05:30,28.627674102783203
2011-10-14 00:00:00+05:30,28.50261878967285
2011-10-17 00:00:00+05:30,28.069738388061523
2011-10-18 00:00:00+05:30,27.627241134643555
2011-10-19 00:00:00+05:30,28.84893035888672
2011-10-20 00:00:00+05:30,28.8681640625
2011-10-21 00:00:00+05:30,28.33909034729004
2011-10-24 00:00:00+05:30,27.800390243530273
2011-10-25 00:00:00+05:30,28.01203155517578
2011-10-28 00:00:00+05:30,29.88783073425293
2011-10-31 00:00:00+05:30,28.84893035888672
2011-11-01 00:00:00+05:30,29.743532180786133
2011-11-02 00:00:00+05:30,30.02250099182129
2011-11-03 00:00:00+05:30,31.734773635864258
2011-11-04 00:00:00+05:30,31.571252822875977
2011-11-08 00:00:00+05:30,32.773681640625
2011-11-09 00:00:00+05:30,32.408138275146484
2011-11-11 00:00:00+05:30,31.744394302368164
2011-11-14 00:00:00+05:30,31.532772064208984
2011-11-15 00:00:00+05:30,30.955591201782227
2011-11-16 00:00:00+05:30,32.38890075683594
2011-11-17 00:00:00+05:30,31.398099899291992
2011-11-18 00:00:00+05:30,30.926734924316406
2011-11-21 00:00:00+05:30,31.003690719604492
2011-11-22 00:00:00+05:30,31.59048080444336
2011-11-23 00:00:00+05:30,31.042171478271484
2011-11-24 00:00:00+05:30,31.30190086364746
2011-11-25 00:00:00+05:30,31.157602310180664
2011-11-28 00:00:00+05:30,32.49471664428711
2011-11-29 00:00:00+05:30,31.64820098876953
2011-11-30 00:00:00+05:30,31.138368606567383
2011-12-01 00:00:00+05:30,32.590919494628906
2011-12-02 00:00:00+05:30,34.716827392578125
2011-12-05 00:00:00+05:30,34.12041473388672
2011-12-07 00:00:00+05:30,33.273895263671875
2011-12-08 00:00:00+05:30,31.888690948486328
2011-12-09 00:00:00+05:30,31.25380516052246
2011-12-12 00:00:00+05:30,28.704627990722656
2011-12-13 00:00:00+05:30,29.560771942138672
2011-12-14 00:00:00+05:30,29.00283432006836
2011-12-15 00:00:00+05:30,30.07060432434082
2011-12-16 00:00:00+05:30,28.983592987060547
2011-12-19 00:00:00+05:30,27.30017852783203
2011-12-20 00:00:00+05:30,26.79034996032715
2011-12-21 00:00:00+05:30,27.636859893798828
2011-12-22 00:00:00+05:30,26.95388412475586
2011-12-23 00:00:00+05:30,25.59752655029297
2011-12-26 00:00:00+05:30,25.972686767578125
2011-12-27 00:00:00+05:30,26.251651763916016
2011-12-28 00:00:00+05:30,26.088123321533203
2011-12-29 00:00:00+05:30,25.395524978637695
2011-12-30 00:00:00+05:30,26.578712463378906
2012-01-02 00:00:00+05:30,26.174694061279297
2012-01-03 00:00:00+05:30,27.531051635742188
2012-01-04 00:00:00+05:30,27.858112335205078
2012-01-05 00:00:00+05:30,28.695009231567383
2012-01-06 00:00:00+05:30,27.867733001708984
2012-01-09 00:00:00+05:30,27.75229263305664
2012-01-10 00:00:00+05:30,28.435285568237305
2012-01-11 00:00:00+05:30,28.916255950927734
2012-01-12 00:00:00+05:30,29.47418785095215
2012-01-13 00:00:00+05:30,29.589630126953125
2012-01-16 00:00:00+05:30,28.897022247314453
2012-01-17 00:00:00+05:30,29.33951759338379
2012-01-18 00:00:00+05:30,29.26256561279297
2012-01-19 00:00:00+05:30,31.388471603393555
2012-01-20 00:00:00+05:30,31.196077346801758
2012-01-23 00:00:00+05:30,29.83011817932129
2012-01-24 00:00:00+05:30,31.398099899291992
2012-01-25 00:00:00+05:30,32.61015701293945
2012-01-27 00:00:00+05:30,32.34080505371094
2012-01-30 00:00:00+05:30,31.18647003173828
2012-01-31 00:00:00+05:30,32.687110900878906
2012-02-01 00:00:00+05:30,35.41905212402344
2012-02-02 00:00:00+05:30,34.95732116699219
2012-02-03 00:00:00+05:30,35.92888259887695
2012-02-06 00:00:00+05:30,37.80469512939453
2012-02-07 00:00:00+05:30,36.41948318481445
2012-02-08 00:00:00+05:30,37.1703987121582
2012-02-09 00:00:00+05:30,39.80849075317383
2012-02-10 00:00:00+05:30,38.29677200317383
2012-02-13 00:00:00+05:30,39.10696792602539
2012-02-14 00:00:00+05:30,39.93693542480469
2012-02-15 00:00:00+05:30,40.342037200927734
2012-02-16 00:00:00+05:30,42.16004180908203
2012-02-17 00:00:00+05:30,43.65199279785156
2012-02-21 00:00:00+05:30,42.28848648071289
2012-02-22 00:00:00+05:30,39.81837463378906
2012-02-23 00:00:00+05:30,39.14649200439453
2012-02-24 00:00:00+05:30,37.871910095214844
2012-02-27 00:00:00+05:30,36.42937088012695
2012-02-28 00:00:00+05:30,38.41532897949219
2012-02-29 00:00:00+05:30,39.33423614501953
2012-03-01 00:00:00+05:30,38.80067825317383
2012-03-02 00:00:00+05:30,38.0102424621582
2012-03-05 00:00:00+05:30,36.79493713378906
2012-03-06 00:00:00+05:30,37.091365814208984
2012-03-07 00:00:00+05:30,35.78712463378906
2012-03-09 00:00:00+05:30,38.30665969848633
2012-03-12 00:00:00+05:30,39.76897430419922
2012-03-13 00:00:00+05:30,39.33423614501953
2012-03-14 00:00:00+05:30,40.19383239746094
2012-03-15 00:00:00+05:30,38.26712417602539
2012-03-16 00:00:00+05:30,37.18027114868164
2012-03-19 00:00:00+05:30,36.29103088378906
2012-03-20 00:00:00+05:30,36.50840377807617
2012-03-21 00:00:00+05:30,38.56354904174805
2012-03-22 00:00:00+05:30,36.44913101196289
2012-03-23 00:00:00+05:30,36.57756805419922
2012-03-26 00:00:00+05:30,35.816776275634766
2012-03-27 00:00:00+05:30,35.698204040527344
2012-03-28 00:00:00+05:30,33.959228515625
2012-03-29 00:00:00+05:30,34.739803314208984
2012-03-30 00:00:00+05:30,36.4688835144043
2012-04-02 00:00:00+05:30,38.286895751953125
2012-04-03 00:00:00+05:30,38.51414489746094
2012-04-04 00:00:00+05:30,38.71175003051758
2012-04-09 00:00:00+05:30,37.101226806640625
2012-04-10 00:00:00+05:30,36.9727783203125
2012-04-11 00:00:00+05:30,36.57756805419922
2012-04-12 00:00:00+05:30,36.893741607666016
2012-04-13 00:00:00+05:30,36.3305549621582
2012-04-16 00:00:00+05:30,36.557796478271484
2012-04-17 00:00:00+05:30,38.10905075073242
2012-04-18 00:00:00+05:30,38.20783996582031
2012-04-19 00:00:00+05:30,38.00035095214844
2012-04-20 00:00:00+05:30,36.814697265625
2012-04-23 00:00:00+05:30,36.706016540527344
2012-04-24 00:00:00+05:30,36.389835357666016
2012-04-25 00:00:00+05:30,34.67062759399414
2012-04-26 00:00:00+05:30,34.512550354003906
2012-04-27 00:00:00+05:30,33.35652542114258
2012-04-30 00:00:00+05:30,33.6233024597168
2012-05-02 00:00:00+05:30,32.516693115234375
2012-05-03 00:00:00+05:30,31.568164825439453
2012-05-04 00:00:00+05:30,30.609756469726562
2012-05-07 00:00:00+05:30,29.661226272583008
2012-05-08 00:00:00+05:30,29.404333114624023
2012-05-09 00:00:00+05:30,28.939956665039062
2012-05-10 00:00:00+05:30,28.70281219482422
2012-05-11 00:00:00+05:30,28.762100219726562
2012-05-14 00:00:00+05:30,27.942026138305664
2012-05-15 00:00:00+05:30,28.959714889526367
2012-05-16 00:00:00+05:30,27.783926010131836
2012-05-17 00:00:00+05:30,28.900423049926758
2012-05-18 00:00:00+05:30,28.781864166259766
2012-05-21 00:00:00+05:30,29.24625015258789
2012-05-22 00:00:00+05:30,29.39444923400879
2012-05-23 00:00:00+05:30,29.315406799316406
2012-05-24 00:00:00+05:30,29.315406799316406
2012-05-25 00:00:00+05:30,29.582178115844727
2012-05-28 00:00:00+05:30,29.82919692993164
2012-05-29 00:00:00+05:30,29.661226272583008
2012-05-30 00:00:00+05:30,29.463611602783203
2012-05-31 00:00:00+05:30,29.424100875854492
2012-06-01 00:00:00+05:30,29.25612449645996
2012-06-04 00:00:00+05:30,29.078277587890625
2012-06-05 00:00:00+05:30,28.781864166259766
2012-06-06 00:00:00+05:30,29.81931495666504
2012-06-07 00:00:00+05:30,30.757959365844727
2012-06-08 00:00:00+05:30,30.510948181152344
2012-06-11 00:00:00+05:30,31.212465286254883
2012-06-12 00:00:00+05:30,32.00290298461914
2012-06-13 00:00:00+05:30,33.554134368896484
2012-06-14 00:00:00+05:30,32.00290298461914
2012-06-15 00:00:00+05:30,33.257728576660156
2012-06-18 00:00:00+05:30,31.67683982849121
2012-06-19 00:00:00+05:30,31.706485748291016
2012-06-20 00:00:00+05:30,32.25979232788086
2012-06-21 00:00:00+05:30,33.05023956298828
2012-06-22 00:00:00+05:30,32.81309509277344
2012-06-25 00:00:00+05:30,32.39812088012695
2012-06-26 00:00:00+05:30,32.605613708496094
2012-06-27 00:00:00+05:30,34.31492614746094
2012-06-28 00:00:00+05:30,34.018524169921875
2012-06-29 00:00:00+05:30,35.322750091552734
2012-07-02 00:00:00+05:30,35.105377197265625
2012-07-03 00:00:00+05:30,35.02632141113281
2012-07-04 00:00:00+05:30,35.629051208496094
2012-07-05 00:00:00+05:30,36.696136474609375
2012-07-06 00:00:00+05:30,36.9727783203125
2012-07-09 00:00:00+05:30,36.52817153930664
2012-07-10 00:00:00+05:30,37.288970947265625
2012-07-11 00:00:00+05:30,36.547935485839844
2012-07-12 00:00:00+05:30,36.360198974609375
2012-07-13 00:00:00+05:30,36.57756805419922
2012-07-16 00:00:00+05:30,36.399723052978516
2012-07-17 00:00:00+05:30,36.4886360168457
2012-07-18 00:00:00+05:30,35.767372131347656
2012-07-19 00:00:00+05:30,35.18442153930664
2012-07-20 00:00:00+05:30,34.29518127441406
2012-07-23 00:00:00+05:30,33.405941009521484
2012-07-24 00:00:00+05:30,34.34457015991211
2012-07-25 00:00:00+05:30,34.680511474609375
2012-07-26 00:00:00+05:30,33.86043167114258
2012-07-27 00:00:00+05:30,33.969120025634766
2012-07-30 00:00:00+05:30,34.512550354003906
2012-07-31 00:00:00+05:30,34.21613693237305
2012-08-01 00:00:00+05:30,35.431434631347656
2012-08-02 00:00:00+05:30,35.68832778930664
2012-08-03 00:00:00+05:30,34.72004318237305
2012-08-06 00:00:00+05:30,35.89581298828125
2012-08-07 00:00:00+05:30,36.666500091552734
2012-08-08 00:00:00+05:30,36.775177001953125
2012-08-09 00:00:00+05:30,37.8027458190918
2012-08-10 00:00:00+05:30,36.132938385009766
2012-08-13 00:00:00+05:30,36.62697982788086
2012-08-14 00:00:00+05:30,36.52817153930664
2012-08-16 00:00:00+05:30,36.67637252807617
2012-08-17 00:00:00+05:30,37.041954040527344
2012-08-21 00:00:00+05:30,36.399723052978516
2012-08-22 00:00:00+05:30,35.974857330322266
2012-08-23 00:00:00+05:30,34.848480224609375
2012-08-24 00:00:00+05:30,33.692466735839844
2012-08-27 00:00:00+05:30,33.425689697265625
2012-08-28 00:00:00+05:30,31.706485748291016
2012-08-29 00:00:00+05:30,30.817243576049805
2012-08-30 00:00:00+05:30,31.014850616455078
2012-08-31 00:00:00+05:30,31.67683982849121
2012-09-03 00:00:00+05:30,30.886402130126953
2012-09-04 00:00:00+05:30,31.89421272277832
2012-09-05 00:00:00+05:30,31.039196014404297
2012-09-06 00:00:00+05:30,30.721054077148438
2012-09-07 00:00:00+05:30,31.933982849121094
2012-09-10 00:00:00+05:30,32.56033706665039
2012-09-11 00:00:00+05:30,32.49074172973633
2012-09-12 00:00:00+05:30,31.904155731201172
2012-09-13 00:00:00+05:30,31.88426971435547
2012-09-14 00:00:00+05:30,33.10714340209961
2012-09-17 00:00:00+05:30,36.0599479675293
2012-09-18 00:00:00+05:30,38.863616943359375
2012-09-20 00:00:00+05:30,38.963043212890625
2012-09-21 00:00:00+05:30,38.65482711791992
2012-09-24 00:00:00+05:30,39.75840759277344
2012-09-25 00:00:00+05:30,39.32095718383789
2012-09-26 00:00:00+05:30,37.50155258178711
2012-09-27 00:00:00+05:30,37.7501106262207
2012-09-28 00:00:00+05:30,37.57115173339844
2012-10-01 00:00:00+05:30,37.30271530151367
2012-10-03 00:00:00+05:30,38.963043212890625
2012-10-04 00:00:00+05:30,39.002811431884766
2012-10-05 00:00:00+05:30,38.953094482421875
2012-10-08 00:00:00+05:30,38.873565673828125
2012-10-09 00:00:00+05:30,40.23563003540039
2012-10-10 00:00:00+05:30,39.818058013916016
2012-10-11 00:00:00+05:30,41.349151611328125
2012-10-12 00:00:00+05:30,41.369022369384766
2012-10-15 00:00:00+05:30,40.89179992675781
2012-10-16 00:00:00+05:30,39.14200210571289
2012-10-17 00:00:00+05:30,39.19171142578125
2012-10-18 00:00:00+05:30,40.17597579956055
2012-10-19 00:00:00+05:30,39.59933090209961
2012-10-22 00:00:00+05:30,38.963043212890625
2012-10-23 00:00:00+05:30,38.277034759521484
2012-10-25 00:00:00+05:30,37.45184326171875
2012-10-29 00:00:00+05:30,36.62664794921875
2012-10-30 00:00:00+05:30,35.42366027832031
2012-10-31 00:00:00+05:30,36.85531997680664
2012-11-01 00:00:00+05:30,36.984561920166016
2012-11-02 00:00:00+05:30,37.581085205078125
2012-11-05 00:00:00+05:30,37.44190979003906
2012-11-06 00:00:00+05:30,37.51149368286133
2012-11-07 00:00:00+05:30,38.15772247314453
2012-11-08 00:00:00+05:30,37.789878845214844
2012-11-09 00:00:00+05:30,37.143646240234375
2012-11-12 00:00:00+05:30,37.859466552734375
2012-11-15 00:00:00+05:30,37.09392547607422
2012-11-16 00:00:00+05:30,36.0599479675293
2012-11-19 00:00:00+05:30,35.05579376220703
2012-11-20 00:00:00+05:30,35.224822998046875
2012-11-21 00:00:00+05:30,36.18920135498047
2012-11-22 00:00:00+05:30,36.388038635253906
2012-11-23 00:00:00+05:30,36.397979736328125
2012-11-26 00:00:00+05:30,35.87105178833008
2012-11-27 00:00:00+05:30,36.32838439941406
2012-11-29 00:00:00+05:30,37.680511474609375
2012-11-30 00:00:00+05:30,38.26709747314453
2012-12-03 00:00:00+05:30,38.585243225097656
2012-12-04 00:00:00+05:30,38.3963508605957
2012-12-05 00:00:00+05:30,38.66478729248047
2012-12-06 00:00:00+05:30,40.016910552978516
2012-12-07 00:00:00+05:30,39.28118896484375
2012-12-10 00:00:00+05:30,40.23563003540039
2012-12-11 00:00:00+05:30,39.05251693725586
2012-12-12 00:00:00+05:30,38.74430847167969
2012-12-13 00:00:00+05:30,38.535526275634766
2012-12-14 00:00:00+05:30,37.9787712097168
2012-12-17 00:00:00+05:30,38.78407669067383
2012-12-18 00:00:00+05:30,39.9870719909668
2012-12-19 00:00:00+05:30,40.563716888427734
2012-12-20 00:00:00+05:30,40.633323669433594
2012-12-21 00:00:00+05:30,39.99702072143555
2012-12-24 00:00:00+05:30,40.22568130493164
2012-12-26 00:00:00+05:30,39.818058013916016
2012-12-27 00:00:00+05:30,39.400489807128906
2012-12-28 00:00:00+05:30,40.34498977661133
2012-12-31 00:00:00+05:30,40.50407409667969
2013-01-01 00:00:00+05:30,41.21989440917969
2013-01-02 00:00:00+05:30,41.249725341796875
2013-01-03 00:00:00+05:30,42.194210052490234
2013-01-04 00:00:00+05:30,42.11467742919922
2013-01-07 00:00:00+05:30,41.279544830322266
2013-01-08 00:00:00+05:30,41.02105712890625
2013-01-09 00:00:00+05:30,41.18012619018555
2013-01-10 00:00:00+05:30,41.498268127441406
2013-01-11 00:00:00+05:30,40.43446350097656
2013-01-14 00:00:00+05:30,41.1900634765625
2013-01-15 00:00:00+05:30,41.25967788696289
2013-01-16 00:00:00+05:30,40.75262451171875
2013-01-17 00:00:00+05:30,40.81227111816406
2013-01-18 00:00:00+05:30,41.209957122802734
2013-01-21 00:00:00+05:30,42.12461853027344
2013-01-22 00:00:00+05:30,40.692955017089844
2013-01-23 00:00:00+05:30,39.92742156982422
2013-01-24 00:00:00+05:30,39.05251693725586
2013-01-25 00:00:00+05:30,41.00117111206055
2013-01-28 00:00:00+05:30,41.75677490234375
2013-01-29 00:00:00+05:30,40.40464401245117
2013-01-30 00:00:00+05:30,41.08070755004883
2013-01-31 00:00:00+05:30,41.97549819946289
2013-02-01 00:00:00+05:30,41.21989440917969
2013-02-04 00:00:00+05:30,43.953556060791016
2013-02-05 00:00:00+05:30,43.42115020751953
2013-02-06 00:00:00+05:30,45.427879333496094
2013-02-07 00:00:00+05:30,45.182159423828125
2013-02-08 00:00:00+05:30,45.632659912109375
2013-02-11 00:00:00+05:30,45.00810241699219
2013-02-12 00:00:00+05:30,44.58833694458008
2013-02-13 00:00:00+05:30,44.34261703491211
2013-02-14 00:00:00+05:30,43.79997634887695
2013-02-15 00:00:00+05:30,44.50642776489258
2013-02-18 00:00:00+05:30,43.953556060791016
2013-02-19 00:00:00+05:30,44.64977264404297
2013-02-20 00:00:00+05:30,43.9945068359375
2013-02-21 00:00:00+05:30,42.8682746887207
2013-02-22 00:00:00+05:30,41.85467529296875
2013-02-25 00:00:00+05:30,42.12086486816406
2013-02-26 00:00:00+05:30,40.707977294921875
2013-02-27 00:00:00+05:30,41.98777770996094
2013-02-28 00:00:00+05:30,41.25061798095703
2013-03-01 00:00:00+05:30,39.243873596191406
2013-03-04 00:00:00+05:30,38.49646759033203
2013-03-05 00:00:00+05:30,40.78987503051758
2013-03-06 00:00:00+05:30,41.66014099121094
2013-03-07 00:00:00+05:30,41.87515640258789
2013-03-08 00:00:00+05:30,41.52705764770508
2013-03-11 00:00:00+05:30,41.77276611328125
2013-03-12 00:00:00+05:30,40.800113677978516
2013-03-13 00:00:00+05:30,38.86505889892578
2013-03-14 00:00:00+05:30,40.63630294799805
2013-03-15 00:00:00+05:30,40.97416305541992
2013-03-18 00:00:00+05:30,39.7250862121582
2013-03-19 00:00:00+05:30,37.54429626464844
2013-03-20 00:00:00+05:30,36.3156852722168
2013-03-21 00:00:00+05:30,35.947105407714844
2013-03-22 00:00:00+05:30,36.47949981689453
2013-03-25 00:00:00+05:30,36.469268798828125
2013-03-26 00:00:00+05:30,37.30881881713867
2013-03-28 00:00:00+05:30,37.00165939331055
2013-04-01 00:00:00+05:30,37.513580322265625
2013-04-02 00:00:00+05:30,38.43505096435547
2013-04-03 00:00:00+05:30,37.41120147705078
2013-04-04 00:00:00+05:30,37.86168670654297
2013-04-05 00:00:00+05:30,38.40432357788086
2013-04-08 00:00:00+05:30,39.243873596191406
2013-04-09 00:00:00+05:30,38.59885787963867
2013-04-10 00:00:00+05:30,39.03911209106445
2013-04-11 00:00:00+05:30,38.762664794921875
2013-04-12 00:00:00+05:30,38.967430114746094
2013-04-15 00:00:00+05:30,39.83770751953125
2013-04-16 00:00:00+05:30,41.0151252746582
2013-04-17 00:00:00+05:30,39.4793701171875
2013-04-18 00:00:00+05:30,40.16534423828125
2013-04-22 00:00:00+05:30,39.91960906982422
2013-04-23 00:00:00+05:30,40.76940155029297
2013-04-25 00:00:00+05:30,40.6772575378418
2013-04-26 00:00:00+05:30,39.51008605957031
2013-04-29 00:00:00+05:30,40.38034439086914
2013-04-30 00:00:00+05:30,39.899131774902344
2013-05-02 00:00:00+05:30,40.6055908203125
2013-05-03 00:00:00+05:30,38.99815368652344
2013-05-06 00:00:00+05:30,39.305301666259766
2013-05-07 00:00:00+05:30,40.58509826660156
2013-05-08 00:00:00+05:30,40.56463623046875
2013-05-09 00:00:00+05:30,40.49296188354492
2013-05-10 00:00:00+05:30,40.47248840332031
2013-05-13 00:00:00+05:30,39.243873596191406
2013-05-14 00:00:00+05:30,39.34626388549805
2013-05-15 00:00:00+05:30,40.533912658691406
2013-05-16 00:00:00+05:30,41.7420539855957
2013-05-17 00:00:00+05:30,41.916107177734375
2013-05-20 00:00:00+05:30,41.88538360595703
2013-05-21 00:00:00+05:30,41.09702682495117
2013-05-22 00:00:00+05:30,40.46224594116211
2013-05-23 00:00:00+05:30,38.8343505859375
2013-05-24 00:00:00+05:30,39.54079818725586
2013-05-27 00:00:00+05:30,39.981040954589844
2013-05-28 00:00:00+05:30,39.76604080200195
2013-05-29 00:00:00+05:30,40.01176071166992
2013-05-30 00:00:00+05:30,39.161964416503906
2013-05-31 00:00:00+05:30,37.48286437988281
2013-06-03 00:00:00+05:30,37.16547775268555
2013-06-04 00:00:00+05:30,36.67403793334961
2013-06-05 00:00:00+05:30,35.57851791381836
2013-06-06 00:00:00+05:30,35.98806381225586
2013-06-07 00:00:00+05:30,36.67403793334961
2013-06-10 00:00:00+05:30,36.52045440673828
2013-06-11 00:00:00+05:30,35.26112747192383
2013-06-12 00:00:00+05:30,34.38063049316406
2013-06-13 00:00:00+05:30,32.71176528930664
2013-06-14 00:00:00+05:30,33.87894058227539
2013-06-17 00:00:00+05:30,33.69464874267578
2013-06-18 00:00:00+05:30,33.78678894042969
2013-06-19 00:00:00+05:30,33.797035217285156
2013-06-20 00:00:00+05:30,31.657209396362305
2013-06-21 00:00:00+05:30,29.814298629760742
2013-06-24 00:00:00+05:30,28.227331161499023
2013-06-25 00:00:00+05:30,28.186384201049805
2013-06-26 00:00:00+05:30,28.20685577392578
2013-06-27 00:00:00+05:30,28.401391983032227
2013-06-28 00:00:00+05:30,29.507129669189453
2013-07-01 00:00:00+05:30,30.11119842529297
2013-07-02 00:00:00+05:30,30.653839111328125
2013-07-03 00:00:00+05:30,28.012325286865234
2013-07-04 00:00:00+05:30,28.012325286865234
2013-07-05 00:00:00+05:30,28.24781608581543
2013-07-08 00:00:00+05:30,28.186384201049805
2013-07-09 00:00:00+05:30,28.380908966064453
2013-07-10 00:00:00+05:30,28.61639404296875
2013-07-11 00:00:00+05:30,30.019058227539062
2013-07-12 00:00:00+05:30,30.674314498901367
2013-07-15 00:00:00+05:30,30.152158737182617
2013-07-16 00:00:00+05:30,27.90993881225586
2013-07-17 00:00:00+05:30,26.79395294189453
2013-07-18 00:00:00+05:30,26.54823875427246
2013-07-19 00:00:00+05:30,27.264915466308594
2013-07-22 00:00:00+05:30,27.35706329345703
2013-07-23 00:00:00+05:30,27.90993881225586
2013-07-24 00:00:00+05:30,26.609664916992188
2013-07-25 00:00:00+05:30,25.370817184448242
2013-07-26 00:00:00+05:30,24.84865379333496
2013-07-29 00:00:00+05:30,24.541500091552734
2013-07-30 00:00:00+05:30,23.763383865356445
2013-07-31 00:00:00+05:30,22.135467529296875
2013-08-01 00:00:00+05:30,20.466604232788086
2013-08-02 00:00:00+05:30,20.077550888061523
2013-08-05 00:00:00+05:30,22.401676177978516
2013-08-06 00:00:00+05:30,21.930706024169922
2013-08-07 00:00:00+05:30,23.384552001953125
2013-08-08 00:00:00+05:30,23.62004280090332
2013-08-12 00:00:00+05:30,23.650760650634766
2013-08-13 00:00:00+05:30,24.623409271240234
2013-08-14 00:00:00+05:30,24.55174446105957
2013-08-16 00:00:00+05:30,22.83168601989746
2013-08-19 00:00:00+05:30,22.463106155395508
2013-08-20 00:00:00+05:30,23.230985641479492
2013-08-21 00:00:00+05:30,23.599571228027344
2013-08-22 00:00:00+05:30,23.650760650634766
2013-08-23 00:00:00+05:30,24.592689514160156
2013-08-26 00:00:00+05:30,23.722429275512695
2013-08-27 00:00:00+05:30,21.705461502075195
2013-08-28 00:00:00+05:30,21.306161880493164
2013-08-29 00:00:00+05:30,21.715694427490234
2013-08-30 00:00:00+05:30,22.340246200561523
2013-09-02 00:00:00+05:30,22.800968170166016
2013-09-03 00:00:00+05:30,21.838558197021484
2013-09-04 00:00:00+05:30,22.59620475769043
2013-09-05 00:00:00+05:30,24.32649040222168
2013-09-06 00:00:00+05:30,24.97151756286621
2013-09-10 00:00:00+05:30,25.869619369506836
2013-09-11 00:00:00+05:30,26.055442810058594
2013-09-12 00:00:00+05:30,25.714773178100586
2013-09-13 00:00:00+05:30,26.994840621948242
2013-09-16 00:00:00+05:30,26.633533477783203
2013-09-17 00:00:00+05:30,26.21028709411621
2013-09-18 00:00:00+05:30,26.406421661376953
2013-09-19 00:00:00+05:30,28.006502151489258
2013-09-20 00:00:00+05:30,27.480022430419922
2013-09-23 00:00:00+05:30,27.252920150756836
2013-09-24 00:00:00+05:30,27.387117385864258
2013-09-25 00:00:00+05:30,27.43872833251953
2013-09-26 00:00:00+05:30,27.655519485473633
2013-09-27 00:00:00+05:30,27.510990142822266
2013-09-30 00:00:00+05:30,27.02581024169922
2013-10-01 00:00:00+05:30,27.139368057250977
2013-10-03 00:00:00+05:30,27.66583251953125
2013-10-04 00:00:00+05:30,27.882617950439453
2013-10-07 00:00:00+05:30,27.800037384033203
2013-10-08 00:00:00+05:30,28.171669006347656
2013-10-09 00:00:00+05:30,28.21295928955078
2013-10-10 00:00:00+05:30,28.223285675048828
2013-10-11 00:00:00+05:30,28.33683967590332
2013-10-14 00:00:00+05:30,27.60390281677246
2013-10-15 00:00:00+05:30,27.067100524902344
2013-10-17 00:00:00+05:30,26.107053756713867
2013-10-18 00:00:00+05:30,26.685148239135742
2013-10-21 00:00:00+05:30,27.07743263244629
2013-10-22 00:00:00+05:30,26.860637664794922
2013-10-23 00:00:00+05:30,26.612884521484375
2013-10-24 00:00:00+05:30,26.623205184936523
2013-10-25 00:00:00+05:30,25.952205657958984
2013-10-28 00:00:00+05:30,25.312171936035156
2013-10-29 00:00:00+05:30,26.612884521484375
2013-10-30 00:00:00+05:30,28.099409103393555
2013-10-31 00:00:00+05:30,27.748416900634766
2013-11-01 00:00:00+05:30,29.802715301513672
2013-11-05 00:00:00+05:30,30.51500701904297
2013-11-06 00:00:00+05:30,30.23627471923828
2013-11-07 00:00:00+05:30,29.627220153808594
2013-11-08 00:00:00+05:30,29.81303596496582
2013-11-11 00:00:00+05:30,29.358823776245117
2013-11-12 00:00:00+05:30,29.3691463470459
2013-11-13 00:00:00+05:30,29.29688262939453
2013-11-14 00:00:00+05:30,30.814374923706055
2013-11-18 00:00:00+05:30,31.433765411376953
2013-11-19 00:00:00+05:30,32.259613037109375
2013-11-20 00:00:00+05:30,31.970556259155273
2013-11-21 00:00:00+05:30,29.81303596496582
2013-11-22 00:00:00+05:30,30.669858932495117
2013-11-25 00:00:00+05:30,31.8466796875
2013-11-26 00:00:00+05:30,31.464738845825195
2013-11-27 00:00:00+05:30,31.588603973388672
2013-11-28 00:00:00+05:30,31.11374282836914
2013-11-29 00:00:00+05:30,32.85833740234375
2013-12-02 00:00:00+05:30,33.67385482788086
2013-12-03 00:00:00+05:30,33.67385482788086
2013-12-04 00:00:00+05:30,32.69318389892578
2013-12-05 00:00:00+05:30,33.735801696777344
2013-12-06 00:00:00+05:30,33.44675827026367
2013-12-09 00:00:00+05:30,34.014522552490234
2013-12-10 00:00:00+05:30,33.6119270324707
2013-12-11 00:00:00+05:30,32.64155578613281
2013-12-12 00:00:00+05:30,31.433765411376953
2013-12-13 00:00:00+05:30,30.194995880126953
2013-12-16 00:00:00+05:30,31.495702743530273
2013-12-17 00:00:00+05:30,31.588603973388672
2013-12-18 00:00:00+05:30,31.826030731201172
2013-12-19 00:00:00+05:30,31.216978073120117
2013-12-20 00:00:00+05:30,33.3022346496582
2013-12-23 00:00:00+05:30,33.57063674926758
2013-12-24 00:00:00+05:30,34.045494079589844
2013-12-26 00:00:00+05:30,33.240299224853516
2013-12-27 00:00:00+05:30,33.60160446166992
2013-12-30 00:00:00+05:30,33.12674331665039
2013-12-31 00:00:00+05:30,34.46873474121094
2014-01-01 00:00:00+05:30,34.33454895019531
2014-01-02 00:00:00+05:30,33.02350616455078
2014-01-03 00:00:00+05:30,32.724151611328125
2014-01-06 00:00:00+05:30,32.6105842590332
2014-01-07 00:00:00+05:30,31.57828140258789
2014-01-08 00:00:00+05:30,32.09443283081055
2014-01-09 00:00:00+05:30,31.79507064819336
2014-01-10 00:00:00+05:30,31.371810913085938
2014-01-13 00:00:00+05:30,31.598926544189453
2014-01-14 00:00:00+05:30,30.690492630004883
2014-01-15 00:00:00+05:30,31.650545120239258
2014-01-16 00:00:00+05:30,31.06212615966797
2014-01-17 00:00:00+05:30,30.081436157226562
2014-01-20 00:00:00+05:30,29.616899490356445
2014-01-21 00:00:00+05:30,30.39112663269043
2014-01-22 00:00:00+05:30,29.802715301513672
2014-01-23 00:00:00+05:30,29.957550048828125
2014-01-24 00:00:00+05:30,28.30586051940918
2014-01-27 00:00:00+05:30,26.716110229492188
2014-01-28 00:00:00+05:30,27.531641006469727
2014-01-29 00:00:00+05:30,27.748416900634766
2014-01-30 00:00:00+05:30,27.005155563354492
2014-01-31 00:00:00+05:30,28.10973358154297
2014-02-03 00:00:00+05:30,27.252920150756836
2014-02-04 00:00:00+05:30,28.491683959960938
2014-02-05 00:00:00+05:30,30.050466537475586
2014-02-06 00:00:00+05:30,31.402788162231445
2014-02-07 00:00:00+05:30,31.7972469329834
2014-02-10 00:00:00+05:30,31.906810760498047
2014-02-11 00:00:00+05:30,32.46562194824219
2014-02-12 00:00:00+05:30,32.32317352294922
2014-02-13 00:00:00+05:30,31.917774200439453
2014-02-14 00:00:00+05:30,31.983510971069336
2014-02-17 00:00:00+05:30,32.860076904296875
2014-02-18 00:00:00+05:30,32.860076904296875
2014-02-19 00:00:00+05:30,32.673805236816406
2014-02-20 00:00:00+05:30,32.96963882446289
2014-02-21 00:00:00+05:30,33.68184280395508
2014-02-24 00:00:00+05:30,34.240665435791016
2014-02-25 00:00:00+05:30,34.251617431640625
2014-02-26 00:00:00+05:30,33.802371978759766
2014-02-28 00:00:00+05:30,36.07048034667969
2014-03-03 00:00:00+05:30,34.73373031616211
2014-03-04 00:00:00+05:30,35.78559494018555
2014-03-05 00:00:00+05:30,36.30057907104492
2014-03-06 00:00:00+05:30,36.76076889038086
2014-03-07 00:00:00+05:30,38.11943817138672
2014-03-10 00:00:00+05:30,37.9989128112793
2014-03-11 00:00:00+05:30,37.385318756103516
2014-03-12 00:00:00+05:30,36.32248306274414
2014-03-13 00:00:00+05:30,38.360496520996094
2014-03-14 00:00:00+05:30,38.04273986816406
2014-03-18 00:00:00+05:30,39.16035842895508
2014-03-19 00:00:00+05:30,39.55480194091797
2014-03-20 00:00:00+05:30,38.32762908935547
2014-03-21 00:00:00+05:30,37.39627456665039
2014-03-24 00:00:00+05:30,38.87546920776367
2014-03-25 00:00:00+05:30,40.67241668701172
2014-03-26 00:00:00+05:30,40.4642333984375
2014-03-27 00:00:00+05:30,40.15744400024414
2014-03-28 00:00:00+05:30,42.55703353881836
2014-03-31 00:00:00+05:30,42.337886810302734
2014-04-01 00:00:00+05:30,41.94342803955078
2014-04-02 00:00:00+05:30,43.24732208251953
2014-04-03 00:00:00+05:30,41.72429275512695
2014-04-04 00:00:00+05:30,41.20931625366211
2014-04-07 00:00:00+05:30,40.78199768066406
2014-04-09 00:00:00+05:30,42.25023651123047
2014-04-10 00:00:00+05:30,42.96244430541992
2014-04-11 00:00:00+05:30,41.538028717041016
2014-04-15 00:00:00+05:30,41.23121643066406
2014-04-16 00:00:00+05:30,39.7739372253418
2014-04-17 00:00:00+05:30,41.768123626708984
2014-04-21 00:00:00+05:30,42.81999588012695
2014-04-22 00:00:00+05:30,41.877689361572266
2014-04-23 00:00:00+05:30,41.46133041381836
2014-04-24 00:00:00+05:30,41.46133041381836
2014-04-25 00:00:00+05:30,40.705299377441406
2014-04-28 00:00:00+05:30,40.83677291870117
2014-04-29 00:00:00+05:30,40.03691864013672
2014-04-30 00:00:00+05:30,40.28892135620117
2014-05-02 00:00:00+05:30,41.044960021972656
2014-05-05 00:00:00+05:30,41.373680114746094
2014-05-06 00:00:00+05:30,42.940521240234375
2014-05-07 00:00:00+05:30,42.907649993896484
2014-05-08 00:00:00+05:30,42.73234558105469
2014-05-09 00:00:00+05:30,44.13483810424805
2014-05-12 00:00:00+05:30,46.512508392333984
2014-05-13 00:00:00+05:30,49.3174934387207
2014-05-14 00:00:00+05:30,51.02680587768555
2014-05-15 00:00:00+05:30,51.39934539794922
2014-05-16 00:00:00+05:30,56.483394622802734
2014-05-19 00:00:00+05:30,64.58061981201172
2014-05-20 00:00:00+05:30,61.403079986572266
2014-05-21 00:00:00+05:30,64.64634704589844
2014-05-22 00:00:00+05:30,65.58866119384766
2014-05-23 00:00:00+05:30,69.7194595336914
2014-05-26 00:00:00+05:30,67.60474395751953
2014-05-27 00:00:00+05:30,64.43816375732422
2014-05-28 00:00:00+05:30,69.93860626220703
2014-05-29 00:00:00+05:30,67.54997253417969
2014-05-30 00:00:00+05:30,63.977989196777344
2014-06-02 00:00:00+05:30,69.24830627441406
2014-06-03 00:00:00+05:30,67.82389831542969
2014-06-04 00:00:00+05:30,67.9225082397461
2014-06-05 00:00:00+05:30,68.91958618164062
2014-06-06 00:00:00+05:30,71.15481567382812
2014-06-09 00:00:00+05:30,74.89118194580078
2014-06-10 00:00:00+05:30,71.9437255859375
2014-06-11 00:00:00+05:30,68.96342468261719
2014-06-12 00:00:00+05:30,67.44039154052734
2014-06-13 00:00:00+05:30,63.977989196777344
2014-06-16 00:00:00+05:30,65.32569122314453
2014-06-17 00:00:00+05:30,65.93927764892578
2014-06-18 00:00:00+05:30,65.35856628417969
2014-06-19 00:00:00+05:30,64.44914245605469
2014-06-20 00:00:00+05:30,65.72015380859375
2014-06-23 00:00:00+05:30,65.21612548828125
2014-06-24 00:00:00+05:30,68.4375
2014-06-25 00:00:00+05:30,70.71653747558594
2014-06-26 00:00:00+05:30,67.69239807128906
2014-06-27 00:00:00+05:30,65.95022583007812
2014-06-30 00:00:00+05:30,67.2979507446289
2014-07-01 00:00:00+05:30,66.81584167480469
2014-07-02 00:00:00+05:30,69.40171813964844
2014-07-03 00:00:00+05:30,69.94955444335938
2014-07-04 00:00:00+05:30,70.11392211914062
2014-07-07 00:00:00+05:30,70.68367767333984
2014-07-08 00:00:00+05:30,65.10655975341797
2014-07-09 00:00:00+05:30,63.60544204711914
2014-07-10 00:00:00+05:30,66.3008804321289
2014-07-11 00:00:00+05:30,59.38699722290039
2014-07-14 00:00:00+05:30,62.23580551147461
2014-07-15 00:00:00+05:30,64.83263397216797
2014-07-16 00:00:00+05:30,61.09627914428711
2014-07-17 00:00:00+05:30,60.953853607177734
2014-07-18 00:00:00+05:30,59.167850494384766
2014-07-21 00:00:00+05:30,59.11306381225586
2014-07-22 00:00:00+05:30,60.5374755859375
2014-07-23 00:00:00+05:30,59.47465896606445
2014-07-24 00:00:00+05:30,60.044403076171875
2014-07-25 00:00:00+05:30,57.2503662109375
2014-07-28 00:00:00+05:30,56.812103271484375
2014-07-30 00:00:00+05:30,57.7544059753418
2014-07-31 00:00:00+05:30,58.806278228759766
2014-08-01 00:00:00+05:30,58.18171310424805
2014-08-04 00:00:00+05:30,58.433738708496094
2014-08-05 00:00:00+05:30,58.32416915893555
2014-08-06 00:00:00+05:30,57.414737701416016
2014-08-07 00:00:00+05:30,58.554256439208984
2014-08-08 00:00:00+05:30,56.95453643798828
2014-08-11 00:00:00+05:30,57.56813430786133
2014-08-12 00:00:00+05:30,59.397945404052734
2014-08-13 00:00:00+05:30,56.42859649658203
2014-08-14 00:00:00+05:30,58.18171310424805
2014-08-18 00:00:00+05:30,59.11306381225586
2014-08-19 00:00:00+05:30,59.507530212402344
2014-08-20 00:00:00+05:30,59.8143196105957
2014-08-21 00:00:00+05:30,59.671878814697266
2014-08-22 00:00:00+05:30,59.05828094482422
2014-08-25 00:00:00+05:30,56.35189437866211
2014-08-26 00:00:00+05:30,55.71638870239258
2014-08-27 00:00:00+05:30,55.21236801147461
2014-08-28 00:00:00+05:30,54.80696105957031
2014-09-01 00:00:00+05:30,57.56813430786133
2014-09-02 00:00:00+05:30,57.02027130126953
2014-09-03 00:00:00+05:30,57.403770446777344
2014-09-04 00:00:00+05:30,57.52430725097656
2014-09-05 00:00:00+05:30,57.76537322998047
2014-09-08 00:00:00+05:30,58.03929138183594
2014-09-09 00:00:00+05:30,57.73249053955078
2014-09-10 00:00:00+05:30,56.9320182800293
2014-09-11 00:00:00+05:30,58.86193084716797
2014-09-12 00:00:00+05:30,58.21495819091797
2014-09-15 00:00:00+05:30,58.59874725341797
2014-09-16 00:00:00+05:30,54.61833572387695
2014-09-17 00:00:00+05:30,53.3134651184082
2014-09-18 00:00:00+05:30,54.45386505126953
2014-09-19 00:00:00+05:30,54.04813766479492
2014-09-22 00:00:00+05:30,53.02836990356445
2014-09-23 00:00:00+05:30,51.82217025756836
2014-09-24 00:00:00+05:30,51.85505294799805
2014-09-25 00:00:00+05:30,51.27391052246094
2014-09-26 00:00:00+05:30,53.79592514038086
2014-09-29 00:00:00+05:30,51.657684326171875
2014-09-30 00:00:00+05:30,51.44934844970703
2014-10-01 00:00:00+05:30,52.205963134765625
2014-10-07 00:00:00+05:30,49.563316345214844
2014-10-08 00:00:00+05:30,49.79358673095703
2014-10-09 00:00:00+05:30,52.24981689453125
2014-10-10 00:00:00+05:30,52.82001876831055
2014-10-13 00:00:00+05:30,52.68843078613281
2014-10-14 00:00:00+05:30,54.673160552978516
2014-10-15 00:00:00+05:30,54.673160552978516
2014-10-16 00:00:00+05:30,53.12705612182617
2014-10-17 00:00:00+05:30,54.93632125854492
2014-10-20 00:00:00+05:30,57.35966110229492
2014-10-21 00:00:00+05:30,60.35321044921875
2014-10-22 00:00:00+05:30,59.82686996459961
2014-10-27 00:00:00+05:30,60.736976623535156
2014-10-28 00:00:00+05:30,61.888343811035156
2014-10-29 00:00:00+05:30,60.92340087890625
2014-10-30 00:00:00+05:30,60.780853271484375
2014-10-31 00:00:00+05:30,61.92124938964844
2014-11-03 00:00:00+05:30,61.36201477050781
2014-11-05 00:00:00+05:30,62.074764251708984
2014-11-07 00:00:00+05:30,61.965110778808594
2014-11-10 00:00:00+05:30,60.30934524536133
2014-11-11 00:00:00+05:30,60.01327896118164
2014-11-12 00:00:00+05:30,62.00897216796875
2014-11-13 00:00:00+05:30,62.01994323730469
2014-11-14 00:00:00+05:30,61.59227752685547
2014-11-17 00:00:00+05:30,66.2416000366211
2014-11-18 00:00:00+05:30,66.83373260498047
2014-11-19 00:00:00+05:30,65.05733489990234
2014-11-20 00:00:00+05:30,64.28974914550781
2014-11-21 00:00:00+05:30,64.87091064453125
2014-11-24 00:00:00+05:30,65.33147430419922
2014-11-25 00:00:00+05:30,65.90166473388672
2014-11-26 00:00:00+05:30,65.48497009277344
2014-11-27 00:00:00+05:30,65.46304321289062
2014-11-28 00:00:00+05:30,67.91928100585938
2014-12-01 00:00:00+05:30,68.23728942871094
2014-12-02 00:00:00+05:30,66.3731689453125
2014-12-03 00:00:00+05:30,67.2833023071289
2014-12-04 00:00:00+05:30,67.06398010253906
2014-12-05 00:00:00+05:30,66.85563659667969
2014-12-08 00:00:00+05:30,64.1910629272461
2014-12-09 00:00:00+05:30,60.693119049072266
2014-12-10 00:00:00+05:30,64.43231964111328
2014-12-11 00:00:00+05:30,62.65592575073242
2014-12-12 00:00:00+05:30,60.72602462768555
2014-12-15 00:00:00+05:30,61.131744384765625
2014-12-16 00:00:00+05:30,58.00663375854492
2014-12-17 00:00:00+05:30,59.673362731933594
2014-12-18 00:00:00+05:30,64.9257583618164
2014-12-19 00:00:00+05:30,65.64944458007812
2014-12-22 00:00:00+05:30,66.46088409423828
2014-12-23 00:00:00+05:30,64.57486724853516
2014-12-24 00:00:00+05:30,64.01561737060547
2014-12-26 00:00:00+05:30,65.96747589111328
2014-12-29 00:00:00+05:30,65.51787567138672
2014-12-30 00:00:00+05:30,66.00035858154297
2014-12-31 00:00:00+05:30,66.09902954101562
2015-01-01 00:00:00+05:30,67.074951171875
2015-01-02 00:00:00+05:30,67.2833023071289
2015-01-05 00:00:00+05:30,66.76791381835938
2015-01-06 00:00:00+05:30,63.10551452636719
2015-01-07 00:00:00+05:30,60.8795280456543
2015-01-08 00:00:00+05:30,61.29623031616211
2015-01-09 00:00:00+05:30,61.55937957763672
2015-01-12 00:00:00+05:30,62.16249465942383
2015-01-13 00:00:00+05:30,60.37513732910156
2015-01-14 00:00:00+05:30,61.427799224853516
2015-01-15 00:00:00+05:30,63.927894592285156
2015-01-16 00:00:00+05:30,63.7524528503418
2015-01-19 00:00:00+05:30,64.25688171386719
2015-01-20 00:00:00+05:30,63.55508041381836
2015-01-21 00:00:00+05:30,62.80944061279297
2015-01-22 00:00:00+05:30,61.29623031616211
2015-01-23 00:00:00+05:30,61.73483657836914
2015-01-27 00:00:00+05:30,62.00897216796875
2015-01-28 00:00:00+05:30,64.18009948730469
2015-01-29 00:00:00+05:30,64.91478729248047
2015-01-30 00:00:00+05:30,65.45207977294922
2015-02-02 00:00:00+05:30,67.95217895507812
2015-02-03 00:00:00+05:30,62.93006134033203
2015-02-04 00:00:00+05:30,61.66904067993164
2015-02-05 00:00:00+05:30,61.29623031616211
2015-02-06 00:00:00+05:30,62.11861801147461
2015-02-09 00:00:00+05:30,60.780853271484375
2015-02-10 00:00:00+05:30,62.41468048095703
2015-02-11 00:00:00+05:30,61.63615798950195
2015-02-12 00:00:00+05:30,61.92124938964844
2015-02-13 00:00:00+05:30,60.24354553222656
2015-02-16 00:00:00+05:30,61.77870559692383
2015-02-18 00:00:00+05:30,60.34223937988281
2015-02-19 00:00:00+05:30,60.47382736206055
2015-02-20 00:00:00+05:30,61.033050537109375
2015-02-23 00:00:00+05:30,59.8707160949707
2015-02-24 00:00:00+05:30,59.27860641479492
2015-02-25 00:00:00+05:30,59.8707160949707
2015-02-26 00:00:00+05:30,61.186561584472656
2015-02-27 00:00:00+05:30,64.39939880371094
2015-03-02 00:00:00+05:30,67.6999740600586
2015-03-03 00:00:00+05:30,67.14073181152344
2015-03-04 00:00:00+05:30,65.97905731201172
2015-03-05 00:00:00+05:30,66.52043151855469
2015-03-09 00:00:00+05:30,65.32492065429688
2015-03-10 00:00:00+05:30,64.35496520996094
2015-03-11 00:00:00+05:30,64.79483032226562
2015-03-12 00:00:00+05:30,65.29107666015625
2015-03-13 00:00:00+05:30,61.433841705322266
2015-03-16 00:00:00+05:30,61.174434661865234
2015-03-17 00:00:00+05:30,62.866207122802734
2015-03-18 00:00:00+05:30,63.9263916015625
2015-03-19 00:00:00+05:30,63.294776916503906
2015-03-20 00:00:00+05:30,62.03159713745117
2015-03-23 00:00:00+05:30,62.245880126953125
2015-03-24 00:00:00+05:30,62.94514083862305
2015-03-25 00:00:00+05:30,63.249671936035156
2015-03-26 00:00:00+05:30,61.02781295776367
2015-03-27 00:00:00+05:30,59.618011474609375
2015-03-30 00:00:00+05:30,61.208248138427734
2015-03-31 00:00:00+05:30,61.591739654541016
2015-04-01 00:00:00+05:30,63.757198333740234
2015-04-06 00:00:00+05:30,62.73086929321289
2015-04-07 00:00:00+05:30,61.63684844970703
2015-04-08 00:00:00+05:30,62.69703674316406
2015-04-09 00:00:00+05:30,64.87377166748047
2015-04-10 00:00:00+05:30,64.87377166748047
2015-04-13 00:00:00+05:30,64.64820861816406
2015-04-15 00:00:00+05:30,63.08049011230469
2015-04-16 00:00:00+05:30,62.09926986694336
2015-04-17 00:00:00+05:30,62.79853057861328
2015-04-20 00:00:00+05:30,62.245880126953125
2015-04-21 00:00:00+05:30,62.18948745727539
2015-04-22 00:00:00+05:30,62.32483673095703
2015-04-23 00:00:00+05:30,62.30228805541992
2015-04-24 00:00:00+05:30,61.56917953491211
2015-04-27 00:00:00+05:30,61.185707092285156
2015-04-28 00:00:00+05:30,61.08421325683594
2015-04-29 00:00:00+05:30,59.460105895996094
2015-04-30 00:00:00+05:30,59.92253875732422
2015-05-04 00:00:00+05:30,61.97520446777344
2015-05-05 00:00:00+05:30,62.31355667114258
2015-05-06 00:00:00+05:30,61.11802673339844
2015-05-07 00:00:00+05:30,56.97882843017578
2015-05-08 00:00:00+05:30,57.847286224365234
2015-05-11 00:00:00+05:30,59.730796813964844
2015-05-12 00:00:00+05:30,58.828495025634766
2015-05-13 00:00:00+05:30,59.7984504699707
2015-05-14 00:00:00+05:30,60.98269271850586
2015-05-15 00:00:00+05:30,60.85863494873047
2015-05-18 00:00:00+05:30,61.56917953491211
2015-05-19 00:00:00+05:30,61.03908920288086
2015-05-20 00:00:00+05:30,61.591739654541016
2015-05-21 00:00:00+05:30,61.5240592956543
2015-05-22 00:00:00+05:30,62.674476623535156
2015-05-25 00:00:00+05:30,63.39628982543945
2015-05-26 00:00:00+05:30,62.31355667114258
2015-05-27 00:00:00+05:30,62.53913116455078
2015-05-28 00:00:00+05:30,63.249671936035156
2015-05-29 00:00:00+05:30,61.49021911621094
2015-06-01 00:00:00+05:30,60.915035247802734
2015-06-02 00:00:00+05:30,60.39622116088867
2015-06-03 00:00:00+05:30,58.83978271484375
2015-06-04 00:00:00+05:30,57.68937301635742
2015-06-05 00:00:00+05:30,59.38115310668945
2015-06-08 00:00:00+05:30,58.73828887939453
2015-06-09 00:00:00+05:30,58.9074592590332
2015-06-10 00:00:00+05:30,59.69694519042969
2015-06-11 00:00:00+05:30,58.19691848754883
2015-06-12 00:00:00+05:30,58.41120910644531
2015-06-15 00:00:00+05:30,58.997676849365234
2015-06-16 00:00:00+05:30,59.584171295166016
2015-06-17 00:00:00+05:30,60.193206787109375
2015-06-18 00:00:00+05:30,58.86233139038086
2015-06-19 00:00:00+05:30,60.046592712402344
2015-06-22 00:00:00+05:30,61.174434661865234
2015-06-23 00:00:00+05:30,62.618072509765625
2015-06-24 00:00:00+05:30,62.200775146484375
2015-06-25 00:00:00+05:30,61.53533935546875
2015-06-26 00:00:00+05:30,60.3398323059082
2015-06-29 00:00:00+05:30,58.28715133666992
2015-06-30 00:00:00+05:30,57.74577713012695
2015-07-01 00:00:00+05:30,58.47888946533203
2015-07-02 00:00:00+05:30,58.03901672363281
2015-07-03 00:00:00+05:30,58.941307067871094
2015-07-06 00:00:00+05:30,58.975128173828125
2015-07-07 00:00:00+05:30,58.174354553222656
2015-07-08 00:00:00+05:30,57.599151611328125
2015-07-09 00:00:00+05:30,57.982627868652344
2015-07-10 00:00:00+05:30,58.14053726196289
2015-07-13 00:00:00+05:30,59.12174606323242
2015-07-14 00:00:00+05:30,58.88490676879883
2015-07-15 00:00:00+05:30,58.49016189575195
2015-07-16 00:00:00+05:30,60.70072937011719
2015-07-17 00:00:00+05:30,60.012760162353516
2015-07-20 00:00:00+05:30,60.2608757019043
2015-07-21 00:00:00+05:30,58.08413314819336
2015-07-22 00:00:00+05:30,59.40370178222656
2015-07-23 00:00:00+05:30,58.67061233520508
2015-07-24 00:00:00+05:30,58.546546936035156
2015-07-27 00:00:00+05:30,57.35102844238281
2015-07-28 00:00:00+05:30,55.411128997802734
2015-07-29 00:00:00+05:30,54.98255157470703
2015-07-30 00:00:00+05:30,54.86976623535156
2015-07-31 00:00:00+05:30,55.52391815185547
2015-08-03 00:00:00+05:30,55.535186767578125
2015-08-04 00:00:00+05:30,56.482582092285156
2015-08-05 00:00:00+05:30,56.05400466918945
2015-08-06 00:00:00+05:30,56.17806625366211
2015-08-07 00:00:00+05:30,56.617923736572266
2015-08-10 00:00:00+05:30,55.56903076171875
2015-08-11 00:00:00+05:30,55.817161560058594
2015-08-12 00:00:00+05:30,53.798316955566406
2015-08-13 00:00:00+05:30,54.04643249511719
2015-08-14 00:00:00+05:30,54.84721755981445
2015-08-17 00:00:00+05:30,54.21562576293945
2015-08-18 00:00:00+05:30,54.091552734375
2015-08-19 00:00:00+05:30,52.98625946044922
2015-08-20 00:00:00+05:30,52.19676971435547
2015-08-21 00:00:00+05:30,51.39599609375
2015-08-24 00:00:00+05:30,44.00859832763672
2015-08-25 00:00:00+05:30,48.125240325927734
2015-08-26 00:00:00+05:30,47.68537139892578
2015-08-27 00:00:00+05:30,49.44481658935547
2015-08-28 00:00:00+05:30,49.58015823364258
2015-08-31 00:00:00+05:30,50.56139373779297
2015-09-01 00:00:00+05:30,50.30198669433594
2015-09-02 00:00:00+05:30,49.10647964477539
2015-09-03 00:00:00+05:30,49.625274658203125
2015-09-04 00:00:00+05:30,46.354515075683594
2015-09-07 00:00:00+05:30,47.01994705200195
2015-09-08 00:00:00+05:30,47.86582946777344
2015-09-09 00:00:00+05:30,50.18921661376953
2015-09-10 00:00:00+05:30,49.90724563598633
2015-09-11 00:00:00+05:30,49.44481658935547
2015-09-14 00:00:00+05:30,49.65911102294922
2015-09-15 00:00:00+05:30,49.74958801269531
2015-09-16 00:00:00+05:30,51.26503372192383
2015-09-18 00:00:00+05:30,52.135841369628906
2015-09-21 00:00:00+05:30,55.21197509765625
2015-09-22 00:00:00+05:30,53.88878631591797
2015-09-23 00:00:00+05:30,53.10846710205078
2015-09-24 00:00:00+05:30,53.37986755371094
2015-09-28 00:00:00+05:30,51.875732421875
2015-09-29 00:00:00+05:30,51.4572868347168
2015-09-30 00:00:00+05:30,52.045379638671875
2015-10-01 00:00:00+05:30,51.197181701660156
2015-10-05 00:00:00+05:30,56.829200744628906
2015-10-06 00:00:00+05:30,55.33637237548828
2015-10-07 00:00:00+05:30,53.90010070800781
2015-10-08 00:00:00+05:30,53.198917388916016
2015-10-09 00:00:00+05:30,52.91618347167969
2015-10-12 00:00:00+05:30,54.11497116088867
2015-10-13 00:00:00+05:30,55.189353942871094
2015-10-14 00:00:00+05:30,53.956642150878906
2015-10-15 00:00:00+05:30,54.73699951171875
2015-10-16 00:00:00+05:30,54.73699951171875
2015-10-19 00:00:00+05:30,55.15542984008789
2015-10-20 00:00:00+05:30,55.46077346801758
2015-10-21 00:00:00+05:30,55.93577194213867
2015-10-23 00:00:00+05:30,56.275047302246094
2015-10-26 00:00:00+05:30,54.917938232421875
2015-10-27 00:00:00+05:30,55.517330169677734
2015-10-28 00:00:00+05:30,55.07625961303711
2015-10-29 00:00:00+05:30,53.49296569824219
2015-10-30 00:00:00+05:30,54.23937225341797
2015-11-02 00:00:00+05:30,54.917938232421875
2015-11-03 00:00:00+05:30,56.46730041503906
2015-11-04 00:00:00+05:30,57.15717697143555
2015-11-05 00:00:00+05:30,56.96491622924805
2015-11-06 00:00:00+05:30,52.49774932861328
2015-11-09 00:00:00+05:30,51.01622772216797
2015-11-10 00:00:00+05:30,50.99360275268555
2015-11-13 00:00:00+05:30,50.948368072509766
2015-11-16 00:00:00+05:30,50.2471923828125
2015-11-17 00:00:00+05:30,49.50078201293945
2015-11-18 00:00:00+05:30,47.64605712890625
2015-11-19 00:00:00+05:30,48.30198669433594
2015-11-20 00:00:00+05:30,48.245445251464844
2015-11-23 00:00:00+05:30,47.35200881958008
2015-11-24 00:00:00+05:30,47.06929397583008
2015-11-26 00:00:00+05:30,47.1145133972168
2015-11-27 00:00:00+05:30,47.65736389160156
2015-11-30 00:00:00+05:30,48.2341423034668
2015-12-01 00:00:00+05:30,48.25676345825195
2015-12-02 00:00:00+05:30,48.17759323120117
2015-12-03 00:00:00+05:30,48.32461166381836
2015-12-04 00:00:00+05:30,47.32939529418945
2015-12-07 00:00:00+05:30,46.8657112121582
2015-12-08 00:00:00+05:30,45.37288284301758
2015-12-09 00:00:00+05:30,46.232391357421875
2015-12-10 00:00:00+05:30,44.9205207824707
2015-12-11 00:00:00+05:30,45.48598098754883
2015-12-14 00:00:00+05:30,46.80917739868164
2015-12-15 00:00:00+05:30,46.76393127441406
2015-12-16 00:00:00+05:30,46.775245666503906
2015-12-17 00:00:00+05:30,48.788307189941406
2015-12-18 00:00:00+05:30,48.154972076416016
2015-12-21 00:00:00+05:30,49.353763580322266
2015-12-22 00:00:00+05:30,48.90138244628906
2015-12-23 00:00:00+05:30,49.0428581237793
2015-12-24 00:00:00+05:30,48.288352966308594
2015-12-28 00:00:00+05:30,47.82857894897461
2015-12-29 00:00:00+05:30,48.04078674316406
2015-12-30 00:00:00+05:30,47.97004699707031
2015-12-31 00:00:00+05:30,47.486690521240234
2016-01-01 00:00:00+05:30,47.74604415893555
2016-01-04 00:00:00+05:30,46.29597854614258
2016-01-05 00:00:00+05:30,47.55743408203125
2016-01-06 00:00:00+05:30,47.3216438293457
2016-01-07 00:00:00+05:30,44.4215087890625
2016-01-08 00:00:00+05:30,44.834129333496094
2016-01-11 00:00:00+05:30,44.46867370605469
2016-01-12 00:00:00+05:30,44.1975212097168
2016-01-13 00:00:00+05:30,43.301536560058594
2016-01-14 00:00:00+05:30,42.547035217285156
2016-01-15 00:00:00+05:30,40.24814987182617
2016-01-18 00:00:00+05:30,37.9610595703125
2016-01-19 00:00:00+05:30,37.46591567993164
2016-01-20 00:00:00+05:30,36.3695182800293
2016-01-21 00:00:00+05:30,35.14344787597656
2016-01-22 00:00:00+05:30,37.54843521118164
2016-01-25 00:00:00+05:30,38.243995666503906
2016-01-27 00:00:00+05:30,39.38754653930664
2016-01-28 00:00:00+05:30,39.38754653930664
2016-01-29 00:00:00+05:30,41.28559875488281
2016-02-01 00:00:00+05:30,40.89655303955078
2016-02-02 00:00:00+05:30,39.8827018737793
2016-02-03 00:00:00+05:30,38.97492980957031
2016-02-04 00:00:00+05:30,39.74122619628906
2016-02-05 00:00:00+05:30,41.74537658691406
2016-02-08 00:00:00+05:30,42.570621490478516
2016-02-09 00:00:00+05:30,40.448570251464844
2016-02-10 00:00:00+05:30,37.265499114990234
2016-02-11 00:00:00+05:30,35.46175765991211
2016-02-12 00:00:00+05:30,34.459678649902344
2016-02-15 00:00:00+05:30,36.310577392578125
2016-02-16 00:00:00+05:30,34.95044708251953
2016-02-17 00:00:00+05:30,36.71133041381836
2016-02-18 00:00:00+05:30,35.53335952758789
2016-02-19 00:00:00+05:30,37.17280578613281
2016-02-22 00:00:00+05:30,36.56560134887695
2016-02-23 00:00:00+05:30,36.784202575683594
2016-02-24 00:00:00+05:30,36.56560134887695
2016-02-25 00:00:00+05:30,38.05931091308594
2016-02-26 00:00:00+05:30,37.79214859008789
2016-02-29 00:00:00+05:30,37.46426010131836
2016-03-01 00:00:00+05:30,37.998600006103516
2016-03-02 00:00:00+05:30,39.61375045776367
2016-03-03 00:00:00+05:30,39.480167388916016
2016-03-04 00:00:00+05:30,40.816001892089844
2016-03-08 00:00:00+05:30,39.95378112792969
2016-03-09 00:00:00+05:30,41.192466735839844
2016-03-10 00:00:00+05:30,40.609561920166016
2016-03-11 00:00:00+05:30,40.573123931884766
2016-03-14 00:00:00+05:30,41.55679702758789
2016-03-15 00:00:00+05:30,41.05888366699219
2016-03-16 00:00:00+05:30,40.73100280761719
2016-03-17 00:00:00+05:30,41.25318908691406
2016-03-18 00:00:00+05:30,41.21675491333008
2016-03-21 00:00:00+05:30,42.20042419433594
2016-03-22 00:00:00+05:30,41.56892395019531
2016-03-23 00:00:00+05:30,41.83610534667969
2016-03-28 00:00:00+05:30,40.8767204284668
2016-03-29 00:00:00+05:30,40.24523162841797
2016-03-30 00:00:00+05:30,41.751094818115234
2016-03-31 00:00:00+05:30,41.61751174926758
2016-04-01 00:00:00+05:30,40.92530059814453
2016-04-04 00:00:00+05:30,40.816001892089844
2016-04-05 00:00:00+05:30,40.233089447021484
2016-04-06 00:00:00+05:30,40.71884536743164
2016-04-07 00:00:00+05:30,41.10746383666992
2016-04-08 00:00:00+05:30,40.816001892089844
2016-04-11 00:00:00+05:30,40.90102005004883
2016-04-12 00:00:00+05:30,40.63383483886719
2016-04-13 00:00:00+05:30,41.6782341003418
2016-04-18 00:00:00+05:30,40.8767204284668
2016-04-20 00:00:00+05:30,40.73100280761719
2016-04-21 00:00:00+05:30,42.55259704589844
2016-04-22 00:00:00+05:30,42.78334045410156
2016-04-25 00:00:00+05:30,42.139705657958984
2016-04-26 00:00:00+05:30,44.204193115234375
2016-04-27 00:00:00+05:30,43.54840850830078
2016-04-28 00:00:00+05:30,43.96129608154297
2016-04-29 00:00:00+05:30,43.560546875
2016-05-02 00:00:00+05:30,43.2326545715332
2016-05-03 00:00:00+05:30,42.625465393066406
2016-05-04 00:00:00+05:30,42.00611877441406
2016-05-05 00:00:00+05:30,40.92530059814453
2016-05-06 00:00:00+05:30,40.28166961669922
2016-05-09 00:00:00+05:30,41.64179229736328
2016-05-10 00:00:00+05:30,41.15603256225586
2016-05-11 00:00:00+05:30,39.67446517944336
2016-05-12 00:00:00+05:30,40.014503479003906
2016-05-13 00:00:00+05:30,42.3825798034668
2016-05-16 00:00:00+05:30,42.22469711303711
2016-05-17 00:00:00+05:30,41.386775970458984
2016-05-18 00:00:00+05:30,42.491878509521484
2016-05-19 00:00:00+05:30,41.09531784057617
2016-05-20 00:00:00+05:30,40.779571533203125
2016-05-23 00:00:00+05:30,40.74314498901367
2016-05-24 00:00:00+05:30,41.362483978271484
2016-05-25 00:00:00+05:30,41.05888366699219
2016-05-26 00:00:00+05:30,40.64598846435547
2016-05-27 00:00:00+05:30,40.39096450805664
2016-05-30 00:00:00+05:30,40.98602294921875
2016-05-31 00:00:00+05:30,39.75947570800781
2016-06-01 00:00:00+05:30,39.92949295043945
2016-06-02 00:00:00+05:30,40.34238815307617
2016-06-03 00:00:00+05:30,40.29381561279297
2016-06-06 00:00:00+05:30,39.9173469543457
2016-06-07 00:00:00+05:30,39.90520095825195
2016-06-08 00:00:00+05:30,39.90520095825195
2016-06-09 00:00:00+05:30,39.97806930541992
2016-06-10 00:00:00+05:30,39.73518753051758
2016-06-13 00:00:00+05:30,38.885108947753906
2016-06-14 00:00:00+05:30,39.32228469848633
2016-06-15 00:00:00+05:30,39.71090316772461
2016-06-16 00:00:00+05:30,39.52873611450195
2016-06-17 00:00:00+05:30,39.65018844604492
2016-06-20 00:00:00+05:30,39.990211486816406
2016-06-21 00:00:00+05:30,40.56098175048828
2016-06-22 00:00:00+05:30,40.40311050415039
2016-06-23 00:00:00+05:30,40.51240921020508
2016-06-24 00:00:00+05:30,39.443729400634766
2016-06-27 00:00:00+05:30,39.443729400634766
2016-06-28 00:00:00+05:30,39.74732971191406
2016-06-29 00:00:00+05:30,40.42739486694336
2016-06-30 00:00:00+05:30,41.14389419555664
2016-07-01 00:00:00+05:30,43.07478332519531
2016-07-04 00:00:00+05:30,44.507781982421875
2016-07-05 00:00:00+05:30,45.491458892822266
2016-07-07 00:00:00+05:30,45.576454162597656
2016-07-08 00:00:00+05:30,47.10659408569336
2016-07-11 00:00:00+05:30,49.26824188232422
2016-07-12 00:00:00+05:30,48.27242660522461
2016-07-13 00:00:00+05:30,48.746036529541016
2016-07-14 00:00:00+05:30,50.98053741455078
2016-07-15 00:00:00+05:30,50.288330078125
2016-07-18 00:00:00+05:30,48.867496490478516
2016-07-19 00:00:00+05:30,50.10617446899414
2016-07-20 00:00:00+05:30,50.871238708496094
2016-07-21 00:00:00+05:30,50.409767150878906
2016-07-22 00:00:00+05:30,52.692840576171875
2016-07-25 00:00:00+05:30,53.91939163208008
2016-07-26 00:00:00+05:30,52.534969329833984
2016-07-27 00:00:00+05:30,53.54292297363281
2016-07-28 00:00:00+05:30,53.26360321044922
2016-07-29 00:00:00+05:30,52.96000289916992
2016-08-01 00:00:00+05:30,54.22298812866211
2016-08-02 00:00:00+05:30,53.2757568359375
2016-08-03 00:00:00+05:30,52.41352844238281
2016-08-04 00:00:00+05:30,52.559261322021484
2016-08-05 00:00:00+05:30,53.3729133605957
2016-08-08 00:00:00+05:30,54.29584503173828
2016-08-09 00:00:00+05:30,54.4537239074707
2016-08-10 00:00:00+05:30,52.81427001953125
2016-08-11 00:00:00+05:30,53.07002258300781
2016-08-12 00:00:00+05:30,54.080745697021484
2016-08-16 00:00:00+05:30,55.55424118041992
2016-08-17 00:00:00+05:30,56.832889556884766
2016-08-18 00:00:00+05:30,58.257667541503906
2016-08-19 00:00:00+05:30,57.734031677246094
2016-08-22 00:00:00+05:30,57.83146667480469
2016-08-23 00:00:00+05:30,58.2454948425293
2016-08-24 00:00:00+05:30,58.86656188964844
2016-08-25 00:00:00+05:30,58.099361419677734
2016-08-26 00:00:00+05:30,56.3823127746582
2016-08-29 00:00:00+05:30,55.70037841796875
2016-08-30 00:00:00+05:30,55.89521408081055
2016-08-31 00:00:00+05:30,60.25480651855469
2016-09-01 00:00:00+05:30,59.134464263916016
2016-09-02 00:00:00+05:30,59.8651237487793
2016-09-06 00:00:00+05:30,59.84075927734375
2016-09-07 00:00:00+05:30,60.3765869140625
2016-09-08 00:00:00+05:30,61.71612548828125
2016-09-09 00:00:00+05:30,60.814964294433594
2016-09-12 00:00:00+05:30,57.6488037109375
2016-09-14 00:00:00+05:30,58.45252227783203
2016-09-15 00:00:00+05:30,57.94105911254883
2016-09-16 00:00:00+05:30,57.6488037109375
2016-09-19 00:00:00+05:30,58.40380096435547
2016-09-20 00:00:00+05:30,58.86656188964844
2016-09-21 00:00:00+05:30,58.744789123535156
2016-09-22 00:00:00+05:30,59.79204177856445
2016-09-23 00:00:00+05:30,59.74335861206055
2016-09-26 00:00:00+05:30,59.30495071411133
2016-09-27 00:00:00+05:30,58.379451751708984
2016-09-28 00:00:00+05:30,57.98976135253906
2016-09-29 00:00:00+05:30,55.529884338378906
2016-09-30 00:00:00+05:30,58.59865188598633
2016-10-03 00:00:00+05:30,59.59720993041992
2016-10-04 00:00:00+05:30,61.22899627685547
2016-10-05 00:00:00+05:30,61.5943489074707
2016-10-06 00:00:00+05:30,60.2791633605957
2016-10-07 00:00:00+05:30,59.93816375732422
2016-10-10 00:00:00+05:30,59.402366638183594
2016-10-13 00:00:00+05:30,60.13303756713867
2016-10-14 00:00:00+05:30,59.572845458984375
2016-10-17 00:00:00+05:30,59.88948440551758
2016-10-18 00:00:00+05:30,60.206085205078125
2016-10-19 00:00:00+05:30,59.84075927734375
2016-10-20 00:00:00+05:30,60.3765869140625
2016-10-21 00:00:00+05:30,62.178855895996094
2016-10-24 00:00:00+05:30,62.00837707519531
2016-10-25 00:00:00+05:30,61.56999206542969
2016-10-26 00:00:00+05:30,60.71756362915039
2016-10-27 00:00:00+05:30,60.547054290771484
2016-10-28 00:00:00+05:30,60.44964599609375
2016-11-01 00:00:00+05:30,59.524147033691406
2016-11-02 00:00:00+05:30,57.57573699951172
2016-11-03 00:00:00+05:30,56.30925750732422
2016-11-04 00:00:00+05:30,55.456825256347656
2016-11-07 00:00:00+05:30,56.11441421508789
2016-11-08 00:00:00+05:30,55.822147369384766
2016-11-09 00:00:00+05:30,56.698944091796875
2016-11-10 00:00:00+05:30,59.1588249206543
2016-11-11 00:00:00+05:30,57.60007095336914
2016-11-15 00:00:00+05:30,56.55280685424805
2016-11-16 00:00:00+05:30,57.332176208496094
2016-11-17 00:00:00+05:30,58.915260314941406
2016-11-18 00:00:00+05:30,60.91240310668945
2016-11-21 00:00:00+05:30,57.74620819091797
2016-11-22 00:00:00+05:30,60.57141876220703
2016-11-23 00:00:00+05:30,61.8378791809082
2016-11-24 00:00:00+05:30,62.00837707519531
2016-11-25 00:00:00+05:30,64.59001922607422
2016-11-28 00:00:00+05:30,63.226139068603516
2016-11-29 00:00:00+05:30,64.1516342163086
2016-11-30 00:00:00+05:30,65.36939239501953
2016-12-01 00:00:00+05:30,65.0771255493164
2016-12-02 00:00:00+05:30,64.02987670898438
2016-12-05 00:00:00+05:30,63.1043586730957
2016-12-06 00:00:00+05:30,63.25049591064453
2016-12-07 00:00:00+05:30,62.90951156616211
2016-12-08 00:00:00+05:30,64.6143798828125
2016-12-09 00:00:00+05:30,65.85650634765625
2016-12-12 00:00:00+05:30,64.1516342163086
2016-12-13 00:00:00+05:30,63.78631591796875
2016-12-14 00:00:00+05:30,62.276275634765625
2016-12-15 00:00:00+05:30,62.446781158447266
2016-12-16 00:00:00+05:30,61.131591796875
2016-12-19 00:00:00+05:30,62.05708694458008
2016-12-20 00:00:00+05:30,62.617244720458984
2016-12-21 00:00:00+05:30,62.00837707519531
2016-12-22 00:00:00+05:30,60.76626968383789
2016-12-23 00:00:00+05:30,58.30638122558594
2016-12-26 00:00:00+05:30,56.33359909057617
2016-12-27 00:00:00+05:30,57.064266204833984
2016-12-28 00:00:00+05:30,58.35507583618164
2016-12-29 00:00:00+05:30,58.79348373413086
2016-12-30 00:00:00+05:30,59.402366638183594
2017-01-02 00:00:00+05:30,60.40092849731445
2017-01-03 00:00:00+05:30,60.9854736328125
2017-01-04 00:00:00+05:30,60.23044967651367
2017-01-05 00:00:00+05:30,62.59290313720703
2017-01-06 00:00:00+05:30,63.055641174316406
2017-01-09 00:00:00+05:30,63.61581802368164
2017-01-10 00:00:00+05:30,62.93387985229492
2017-01-11 00:00:00+05:30,64.4682388305664
2017-01-12 00:00:00+05:30,66.2705307006836
2017-01-13 00:00:00+05:30,66.61152648925781
2017-01-16 00:00:00+05:30,67.39088439941406
2017-01-17 00:00:00+05:30,66.7332992553711
2017-01-18 00:00:00+05:30,64.979736328125
2017-01-19 00:00:00+05:30,64.63874816894531
2017-01-20 00:00:00+05:30,63.59145736694336
2017-01-23 00:00:00+05:30,65.12583923339844
2017-01-24 00:00:00+05:30,65.49116516113281
2017-01-25 00:00:00+05:30,67.56136322021484
2017-01-27 00:00:00+05:30,67.3421630859375
2017-01-30 00:00:00+05:30,65.80778503417969
2017-01-31 00:00:00+05:30,63.39663314819336
2017-02-01 00:00:00+05:30,66.0757064819336
2017-02-02 00:00:00+05:30,65.49116516113281
2017-02-03 00:00:00+05:30,66.29489135742188
2017-02-06 00:00:00+05:30,66.12442016601562
2017-02-07 00:00:00+05:30,64.24905395507812
2017-02-08 00:00:00+05:30,65.5642318725586
2017-02-09 00:00:00+05:30,65.978271484375
2017-02-10 00:00:00+05:30,65.85650634765625
2017-02-13 00:00:00+05:30,65.49116516113281
2017-02-14 00:00:00+05:30,64.29777526855469
2017-02-15 00:00:00+05:30,62.13015365600586
2017-02-16 00:00:00+05:30,64.02987670898438
2017-02-17 00:00:00+05:30,63.73759460449219
2017-02-20 00:00:00+05:30,65.0284194946289
2017-02-21 00:00:00+05:30,66.29489135742188
2017-02-22 00:00:00+05:30,66.95248413085938
2017-02-23 00:00:00+05:30,65.68600463867188
2017-02-27 00:00:00+05:30,66.2218246459961
2017-02-28 00:00:00+05:30,66.24617767333984
2017-03-01 00:00:00+05:30,66.83070373535156
2017-03-02 00:00:00+05:30,66.0757064819336
2017-03-03 00:00:00+05:30,65.880859375
2017-03-06 00:00:00+05:30,67.14733123779297
2017-03-07 00:00:00+05:30,66.70893859863281
2017-03-08 00:00:00+05:30,64.8092269897461
2017-03-09 00:00:00+05:30,64.20033264160156
2017-03-10 00:00:00+05:30,63.6645393371582
2017-03-14 00:00:00+05:30,65.15018463134766
2017-03-15 00:00:00+05:30,65.80778503417969
2017-03-16 00:00:00+05:30,66.78199005126953
2017-03-17 00:00:00+05:30,68.87654113769531
2017-03-20 00:00:00+05:30,70.9954605102539
2017-03-21 00:00:00+05:30,69.94817352294922
2017-03-22 00:00:00+05:30,70.11865997314453
2017-03-23 00:00:00+05:30,69.6802749633789
2017-03-24 00:00:00+05:30,70.70318603515625
2017-03-27 00:00:00+05:30,69.24187469482422
2017-03-28 00:00:00+05:30,70.33785247802734
2017-03-29 00:00:00+05:30,71.72610473632812
2017-03-30 00:00:00+05:30,71.95301055908203
2017-03-31 00:00:00+05:30,73.56653594970703
2017-04-03 00:00:00+05:30,74.4741439819336
2017-04-05 00:00:00+05:30,77.82725524902344
2017-04-06 00:00:00+05:30,78.1297607421875
2017-04-07 00:00:00+05:30,76.81879425048828
2017-04-10 00:00:00+05:30,76.843994140625
2017-04-11 00:00:00+05:30,82.59217071533203
2017-04-12 00:00:00+05:30,81.65934753417969
2017-04-13 00:00:00+05:30,82.03752136230469
2017-04-17 00:00:00+05:30,79.18865203857422
2017-04-18 00:00:00+05:30,78.48272705078125
2017-04-19 00:00:00+05:30,78.53314208984375
2017-04-20 00:00:00+05:30,78.45752716064453
2017-04-21 00:00:00+05:30,78.93655395507812
2017-04-24 00:00:00+05:30,79.8945541381836
2017-04-25 00:00:00+05:30,81.18035125732422
2017-04-26 00:00:00+05:30,79.51640319824219
2017-04-27 00:00:00+05:30,79.66767120361328
2017-04-28 00:00:00+05:30,80.67610168457031
2017-05-02 00:00:00+05:30,82.4913330078125
2017-05-03 00:00:00+05:30,81.12992095947266
2017-05-04 00:00:00+05:30,82.89470672607422
2017-05-05 00:00:00+05:30,82.01231384277344
2017-05-08 00:00:00+05:30,83.0711898803711
2017-05-09 00:00:00+05:30,83.9787826538086
2017-05-10 00:00:00+05:30,83.8779525756836
2017-05-11 00:00:00+05:30,81.48287963867188
2017-05-12 00:00:00+05:30,80.67610168457031
2017-05-15 00:00:00+05:30,80.70132446289062
2017-05-16 00:00:00+05:30,81.28118896484375
2017-05-17 00:00:00+05:30,81.53329467773438
2017-05-18 00:00:00+05:30,78.70962524414062
2017-05-19 00:00:00+05:30,77.9280776977539
2017-05-22 00:00:00+05:30,75.8859634399414
2017-05-23 00:00:00+05:30,75.65907287597656
2017-05-24 00:00:00+05:30,73.69258117675781
2017-05-25 00:00:00+05:30,71.34793853759766
2017-05-26 00:00:00+05:30,72.38160705566406
2017-05-29 00:00:00+05:30,68.32258605957031
2017-05-30 00:00:00+05:30,69.0032730102539
2017-05-31 00:00:00+05:30,67.3393325805664
2017-06-01 00:00:00+05:30,65.8770980834961
2017-06-02 00:00:00+05:30,64.44004821777344
2017-06-05 00:00:00+05:30,63.33076477050781
2017-06-06 00:00:00+05:30,64.41483306884766
2017-06-07 00:00:00+05:30,64.1123046875
2017-06-08 00:00:00+05:30,64.94427490234375
2017-06-09 00:00:00+05:30,64.74259185791016
2017-06-12 00:00:00+05:30,66.40652465820312
2017-06-13 00:00:00+05:30,65.7762451171875
2017-06-14 00:00:00+05:30,65.54935455322266
2017-06-15 00:00:00+05:30,65.85187530517578
2017-06-16 00:00:00+05:30,66.55779266357422
2017-06-19 00:00:00+05:30,67.2385025024414
2017-06-20 00:00:00+05:30,66.58301544189453
2017-06-21 00:00:00+05:30,65.6249771118164
2017-06-22 00:00:00+05:30,65.0703125
2017-06-23 00:00:00+05:30,61.6920166015625
2017-06-27 00:00:00+05:30,61.46512222290039
2017-06-28 00:00:00+05:30,62.72567367553711
2017-06-29 00:00:00+05:30,61.46512222290039
2017-06-30 00:00:00+05:30,61.868507385253906
2017-07-03 00:00:00+05:30,62.977787017822266
2017-07-04 00:00:00+05:30,61.79286193847656
2017-07-05 00:00:00+05:30,62.47356414794922
2017-07-06 00:00:00+05:30,63.25511932373047
2017-07-07 00:00:00+05:30,63.45680236816406
2017-07-10 00:00:00+05:30,63.88541030883789
2017-07-11 00:00:00+05:30,62.12060546875
2017-07-12 00:00:00+05:30,63.60808181762695
2017-07-13 00:00:00+05:30,63.557640075683594
2017-07-14 00:00:00+05:30,62.49878692626953
2017-07-17 00:00:00+05:30,62.90216827392578
2017-07-18 00:00:00+05:30,61.99456024169922
2017-07-19 00:00:00+05:30,62.24667739868164
2017-07-20 00:00:00+05:30,63.98624801635742
2017-07-21 00:00:00+05:30,64.94427490234375
2017-07-24 00:00:00+05:30,64.3644027709961
2017-07-25 00:00:00+05:30,62.87694549560547
2017-07-26 00:00:00+05:30,61.91892623901367
2017-07-27 00:00:00+05:30,61.238224029541016
2017-07-28 00:00:00+05:30,62.22145080566406
2017-07-31 00:00:00+05:30,62.72567367553711
2017-08-01 00:00:00+05:30,61.641597747802734
2017-08-02 00:00:00+05:30,61.61638641357422
2017-08-03 00:00:00+05:30,63.683712005615234
2017-08-04 00:00:00+05:30,64.76780700683594
2017-08-07 00:00:00+05:30,68.92765045166016
2017-08-08 00:00:00+05:30,68.39822387695312
2017-08-09 00:00:00+05:30,67.6166763305664
2017-08-10 00:00:00+05:30,62.80131530761719
2017-08-11 00:00:00+05:30,59.322166442871094
2017-08-14 00:00:00+05:30,60.002864837646484
2017-08-16 00:00:00+05:30,59.75074768066406
2017-08-17 00:00:00+05:30,63.33076477050781
2017-08-18 00:00:00+05:30,62.0701904296875
2017-08-21 00:00:00+05:30,59.75074768066406
2017-08-22 00:00:00+05:30,58.868350982666016
2017-08-23 00:00:00+05:30,60.83482360839844
2017-08-24 00:00:00+05:30,61.21300506591797
2017-08-28 00:00:00+05:30,61.81806564331055
2017-08-29 00:00:00+05:30,60.86003875732422
2017-08-30 00:00:00+05:30,62.27189254760742
2017-08-31 00:00:00+05:30,61.56595230102539
2017-09-01 00:00:00+05:30,62.37272262573242
2017-09-04 00:00:00+05:30,61.66679382324219
2017-09-05 00:00:00+05:30,61.84330368041992
2017-09-06 00:00:00+05:30,62.952571868896484
2017-09-07 00:00:00+05:30,62.0701904296875
2017-09-08 00:00:00+05:30,62.27189254760742
2017-09-11 00:00:00+05:30,63.961036682128906
2017-09-12 00:00:00+05:30,64.08707427978516
2017-09-13 00:00:00+05:30,64.84341430664062
2017-09-14 00:00:00+05:30,65.95271301269531
2017-09-15 00:00:00+05:30,65.90230560302734
2017-09-18 00:00:00+05:30,66.17962646484375
2017-09-19 00:00:00+05:30,67.84357452392578
2017-09-20 00:00:00+05:30,67.21330261230469
2017-09-21 00:00:00+05:30,66.60820770263672
2017-09-22 00:00:00+05:30,63.48202133178711
2017-09-25 00:00:00+05:30,64.94427490234375
2017-09-26 00:00:00+05:30,63.7341423034668
2017-09-27 00:00:00+05:30,60.910457611083984
2017-09-28 00:00:00+05:30,61.515533447265625
2017-09-29 00:00:00+05:30,61.46512222290039
2017-10-03 00:00:00+05:30,62.80131530761719
2017-10-04 00:00:00+05:30,62.851749420166016
2017-10-05 00:00:00+05:30,62.977787017822266
2017-10-06 00:00:00+05:30,63.12907409667969
2017-10-09 00:00:00+05:30,62.09540557861328
2017-10-10 00:00:00+05:30,62.24667739868164
2017-10-11 00:00:00+05:30,61.11216354370117
2017-10-12 00:00:00+05:30,60.48188781738281
2017-10-13 00:00:00+05:30,62.37272262573242
2017-10-16 00:00:00+05:30,62.14583206176758
2017-10-17 00:00:00+05:30,64.6417465209961
2017-10-18 00:00:00+05:30,66.43175506591797
2017-10-19 00:00:00+05:30,65.67538452148438
2017-10-23 00:00:00+05:30,66.75947570800781
2017-10-24 00:00:00+05:30,66.65864562988281
2017-10-25 00:00:00+05:30,71.2975082397461
2017-10-26 00:00:00+05:30,72.43202209472656
2017-10-27 00:00:00+05:30,73.31442260742188
2017-10-30 00:00:00+05:30,72.8606185913086
2017-10-31 00:00:00+05:30,70.21343994140625
2017-11-01 00:00:00+05:30,70.59161376953125
2017-11-02 00:00:00+05:30,73.31442260742188
2017-11-03 00:00:00+05:30,71.6252670288086
2017-11-06 00:00:00+05:30,69.50751495361328
2017-11-07 00:00:00+05:30,68.54948425292969
2017-11-08 00:00:00+05:30,69.30583190917969
2017-11-09 00:00:00+05:30,69.50751495361328
2017-11-10 00:00:00+05:30,66.7925796508789
2017-11-13 00:00:00+05:30,67.16161346435547
2017-11-14 00:00:00+05:30,66.05453491210938
2017-11-15 00:00:00+05:30,64.28852081298828
2017-11-16 00:00:00+05:30,66.02819061279297
2017-11-17 00:00:00+05:30,66.58170318603516
2017-11-20 00:00:00+05:30,67.05616760253906
2017-11-21 00:00:00+05:30,67.5569839477539
2017-11-22 00:00:00+05:30,67.4515380859375
2017-11-23 00:00:00+05:30,67.66242218017578
2017-11-24 00:00:00+05:30,67.10887908935547
2017-11-27 00:00:00+05:30,67.21432495117188
2017-11-28 00:00:00+05:30,65.5537338256836
2017-11-29 00:00:00+05:30,65.1847152709961
2017-11-30 00:00:00+05:30,63.7086296081543
2017-12-01 00:00:00+05:30,62.786075592041016
2017-12-04 00:00:00+05:30,63.655914306640625
2017-12-05 00:00:00+05:30,62.89152145385742
2017-12-06 00:00:00+05:30,62.390708923339844
2017-12-07 00:00:00+05:30,62.73336410522461
2017-12-08 00:00:00+05:30,63.761356353759766
2017-12-11 00:00:00+05:30,63.445045471191406
2017-12-12 00:00:00+05:30,61.1782112121582
2017-12-13 00:00:00+05:30,60.7564697265625
2017-12-14 00:00:00+05:30,61.30999755859375
2017-12-15 00:00:00+05:30,61.995330810546875
2017-12-18 00:00:00+05:30,62.7070198059082
2017-12-19 00:00:00+05:30,63.7877197265625
2017-12-20 00:00:00+05:30,63.73497772216797
2017-12-21 00:00:00+05:30,63.919498443603516
2017-12-22 00:00:00+05:30,63.761356353759766
2017-12-26 00:00:00+05:30,64.4466781616211
2017-12-27 00:00:00+05:30,63.99858093261719
2017-12-28 00:00:00+05:30,63.18145751953125
2017-12-29 00:00:00+05:30,64.1830825805664
2018-01-01 00:00:00+05:30,65.2637939453125
2018-01-02 00:00:00+05:30,65.1847152709961
2018-01-03 00:00:00+05:30,65.23741912841797
2018-01-04 00:00:00+05:30,66.05453491210938
2018-01-05 00:00:00+05:30,65.9227523803711
2018-01-08 00:00:00+05:30,66.7925796508789
2018-01-09 00:00:00+05:30,66.68714904785156
2018-01-10 00:00:00+05:30,65.79096221923828
2018-01-11 00:00:00+05:30,67.39883422851562
2018-01-12 00:00:00+05:30,66.52901458740234
2018-01-15 00:00:00+05:30,65.6855239868164
2018-01-16 00:00:00+05:30,63.7877197265625
2018-01-17 00:00:00+05:30,64.31488800048828
2018-01-18 00:00:00+05:30,62.86516189575195
2018-01-19 00:00:00+05:30,63.365970611572266
2018-01-22 00:00:00+05:30,63.26054000854492
2018-01-23 00:00:00+05:30,63.7877197265625
2018-01-24 00:00:00+05:30,64.05127716064453
2018-01-25 00:00:00+05:30,62.60158157348633
2018-01-29 00:00:00+05:30,61.995330810546875
2018-01-30 00:00:00+05:30,61.86355209350586
2018-01-31 00:00:00+05:30,61.57359313964844
2018-02-01 00:00:00+05:30,61.67900848388672
2018-02-02 00:00:00+05:30,58.48964309692383
2018-02-05 00:00:00+05:30,59.2276725769043
2018-02-06 00:00:00+05:30,57.224422454833984
2018-02-07 00:00:00+05:30,57.67251968383789
2018-02-08 00:00:00+05:30,58.06791687011719
2018-02-09 00:00:00+05:30,57.619808197021484
2018-02-12 00:00:00+05:30,58.64779281616211
2018-02-14 00:00:00+05:30,58.64779281616211
2018-02-15 00:00:00+05:30,57.382591247558594
2018-02-16 00:00:00+05:30,56.486385345458984
2018-02-19 00:00:00+05:30,56.196449279785156
2018-02-20 00:00:00+05:30,55.721988677978516
2018-02-21 00:00:00+05:30,55.142112731933594
2018-02-22 00:00:00+05:30,55.1684684753418
2018-02-23 00:00:00+05:30,56.829063415527344
2018-02-26 00:00:00+05:30,58.173343658447266
2018-02-27 00:00:00+05:30,56.61817932128906
2018-02-28 00:00:00+05:30,55.40568161010742
2018-03-01 00:00:00+05:30,54.0086784362793
2018-03-05 00:00:00+05:30,53.63966369628906
2018-03-06 00:00:00+05:30,53.12982177734375
2018-03-07 00:00:00+05:30,51.144168853759766
2018-03-08 00:00:00+05:30,49.31950378417969
2018-03-09 00:00:00+05:30,49.96351623535156
2018-03-12 00:00:00+05:30,47.360687255859375
2018-03-13 00:00:00+05:30,48.21934127807617
2018-03-14 00:00:00+05:30,46.52885437011719
2018-03-15 00:00:00+05:30,47.253353118896484
2018-03-16 00:00:00+05:30,47.22652053833008
2018-03-19 00:00:00+05:30,47.06551742553711
2018-03-20 00:00:00+05:30,47.73634719848633
2018-03-21 00:00:00+05:30,47.763179779052734
2018-03-22 00:00:00+05:30,46.58252716064453
2018-03-23 00:00:00+05:30,45.697017669677734
2018-03-26 00:00:00+05:30,46.66301727294922
2018-03-27 00:00:00+05:30,47.44117736816406
2018-03-28 00:00:00+05:30,45.965354919433594
2018-04-02 00:00:00+05:30,46.74352264404297
2018-04-03 00:00:00+05:30,47.146018981933594
2018-04-04 00:00:00+05:30,46.180015563964844
2018-04-05 00:00:00+05:30,47.28018569946289
2018-04-06 00:00:00+05:30,48.085182189941406
2018-04-09 00:00:00+05:30,48.13884735107422
2018-04-10 00:00:00+05:30,47.387516021728516
2018-04-11 00:00:00+05:30,47.62901306152344
2018-04-12 00:00:00+05:30,46.74352264404297
2018-04-13 00:00:00+05:30,46.34101867675781
2018-04-16 00:00:00+05:30,46.958187103271484
2018-04-17 00:00:00+05:30,46.877685546875
2018-04-18 00:00:00+05:30,46.36784744262695
2018-04-19 00:00:00+05:30,46.09952163696289
2018-04-20 00:00:00+05:30,45.804351806640625
2018-04-23 00:00:00+05:30,45.965354919433594
2018-04-24 00:00:00+05:30,45.670196533203125
2018-04-25 00:00:00+05:30,45.64336013793945
2018-04-26 00:00:00+05:30,44.516357421875
2018-04-27 00:00:00+05:30,46.31418991088867
2018-04-30 00:00:00+05:30,47.19968795776367
2018-05-02 00:00:00+05:30,45.99217987060547
2018-05-03 00:00:00+05:30,45.61652755737305
2018-05-04 00:00:00+05:30,45.18719482421875
2018-05-07 00:00:00+05:30,46.09952163696289
2018-05-08 00:00:00+05:30,45.294525146484375
2018-05-09 00:00:00+05:30,45.56285095214844
2018-05-10 00:00:00+05:30,44.70419692993164
2018-05-11 00:00:00+05:30,44.46268844604492
2018-05-14 00:00:00+05:30,42.71853256225586
2018-05-15 00:00:00+05:30,41.00120162963867
2018-05-16 00:00:00+05:30,41.081703186035156
2018-05-17 00:00:00+05:30,41.18903732299805
2018-05-18 00:00:00+05:30,39.79370880126953
2018-05-21 00:00:00+05:30,39.283870697021484
2018-05-22 00:00:00+05:30,39.44487762451172
2018-05-23 00:00:00+05:30,38.74720764160156
2018-05-24 00:00:00+05:30,40.51820755004883
2018-05-25 00:00:00+05:30,40.545040130615234
2018-05-28 00:00:00+05:30,43.22836685180664
2018-05-29 00:00:00+05:30,43.17470169067383
2018-05-30 00:00:00+05:30,42.530696868896484
2018-05-31 00:00:00+05:30,43.22836685180664
2018-06-01 00:00:00+05:30,44.221187591552734
2018-06-04 00:00:00+05:30,44.006526947021484
2018-06-05 00:00:00+05:30,42.39653396606445
2018-06-06 00:00:00+05:30,43.308860778808594
2018-06-07 00:00:00+05:30,44.65052032470703
2018-06-08 00:00:00+05:30,44.221187591552734
2018-06-11 00:00:00+05:30,45.34819412231445
2018-06-12 00:00:00+05:30,45.133522033691406
2018-06-13 00:00:00+05:30,45.133522033691406
2018-06-14 00:00:00+05:30,45.16035842895508
2018-06-15 00:00:00+05:30,44.30168914794922
2018-06-18 00:00:00+05:30,43.308860778808594
2018-06-19 00:00:00+05:30,42.906368255615234
2018-06-20 00:00:00+05:30,44.113861083984375
2018-06-21 00:00:00+05:30,43.65769577026367
2018-06-22 00:00:00+05:30,44.0601921081543
2018-06-25 00:00:00+05:30,43.25520324707031
2018-06-26 00:00:00+05:30,43.22836685180664
2018-06-27 00:00:00+05:30,40.571876525878906
2018-06-28 00:00:00+05:30,39.60587692260742
2018-06-29 00:00:00+05:30,41.48420333862305
2018-07-02 00:00:00+05:30,39.79370880126953
2018-07-03 00:00:00+05:30,39.60587692260742
2018-07-04 00:00:00+05:30,38.93505096435547
2018-07-05 00:00:00+05:30,38.72037887573242
2018-07-06 00:00:00+05:30,39.82054901123047
2018-07-09 00:00:00+05:30,39.981536865234375
2018-07-10 00:00:00+05:30,40.625545501708984
2018-07-11 00:00:00+05:30,40.43770217895508
2018-07-12 00:00:00+05:30,39.36437225341797
2018-07-13 00:00:00+05:30,37.888545989990234
2018-07-16 00:00:00+05:30,36.627376556396484
2018-07-17 00:00:00+05:30,38.291046142578125
2018-07-18 00:00:00+05:30,37.4323844909668
2018-07-19 00:00:00+05:30,38.13005447387695
2018-07-20 00:00:00+05:30,38.210548400878906
2018-07-23 00:00:00+05:30,37.94221496582031
2018-07-24 00:00:00+05:30,41.054866790771484
2018-07-25 00:00:00+05:30,41.88670349121094
2018-07-26 00:00:00+05:30,43.2015266418457
2018-07-27 00:00:00+05:30,45.214027404785156
2018-07-30 00:00:00+05:30,45.965354919433594
2018-07-31 00:00:00+05:30,46.85085678100586
2018-08-01 00:00:00+05:30,46.502010345458984
2018-08-02 00:00:00+05:30,45.858028411865234
2018-08-03 00:00:00+05:30,45.965354919433594
2018-08-06 00:00:00+05:30,46.180015563964844
2018-08-07 00:00:00+05:30,45.40184783935547
2018-08-08 00:00:00+05:30,43.899200439453125
2018-08-09 00:00:00+05:30,46.68985366821289
2018-08-10 00:00:00+05:30,46.55569076538086
2018-08-13 00:00:00+05:30,44.435855865478516
2018-08-14 00:00:00+05:30,44.6773567199707
2018-08-16 00:00:00+05:30,43.46986770629883
2018-08-17 00:00:00+05:30,44.274864196777344
2018-08-20 00:00:00+05:30,44.14069747924805
2018-08-21 00:00:00+05:30,44.0601921081543
2018-08-23 00:00:00+05:30,42.87953186035156
2018-08-24 00:00:00+05:30,42.906368255615234
2018-08-27 00:00:00+05:30,45.56285095214844
2018-08-28 00:00:00+05:30,43.84552764892578
2018-08-29 00:00:00+05:30,45.428688049316406
2018-08-30 00:00:00+05:30,45.77751922607422
2018-08-31 00:00:00+05:30,45.294525146484375
2018-09-03 00:00:00+05:30,45.48236083984375
2018-09-04 00:00:00+05:30,43.765018463134766
2018-09-05 00:00:00+05:30,44.86519241333008
2018-09-06 00:00:00+05:30,46.7166862487793
2018-09-07 00:00:00+05:30,46.55569076538086
2018-09-10 00:00:00+05:30,47.41434860229492
2018-09-11 00:00:00+05:30,43.57719802856445
2018-09-12 00:00:00+05:30,44.194366455078125
2018-09-14 00:00:00+05:30,45.56285095214844
2018-09-17 00:00:00+05:30,45.697017669677734
2018-09-18 00:00:00+05:30,44.0870246887207
2018-09-19 00:00:00+05:30,44.78468704223633
2018-09-21 00:00:00+05:30,43.36252975463867
2018-09-24 00:00:00+05:30,42.423370361328125
2018-09-25 00:00:00+05:30,43.38935852050781
2018-09-26 00:00:00+05:30,44.435855865478516
2018-09-27 00:00:00+05:30,42.4501953125
2018-09-28 00:00:00+05:30,40.840206146240234
2018-10-01 00:00:00+05:30,42.66486740112305
2018-10-03 00:00:00+05:30,42.799034118652344
2018-10-04 00:00:00+05:30,42.07453536987305
2018-10-05 00:00:00+05:30,40.70603561401367
2018-10-08 00:00:00+05:30,39.82054901123047
2018-10-09 00:00:00+05:30,39.79370880126953
2018-10-10 00:00:00+05:30,41.59153366088867
2018-10-11 00:00:00+05:30,40.38404083251953
2018-10-12 00:00:00+05:30,42.235530853271484
2018-10-15 00:00:00+05:30,44.03336715698242
2018-10-16 00:00:00+05:30,44.24802780151367
2018-10-17 00:00:00+05:30,42.96003723144531
2018-10-19 00:00:00+05:30,44.006526947021484
2018-10-22 00:00:00+05:30,43.4966926574707
2018-10-23 00:00:00+05:30,43.79186248779297
2018-10-24 00:00:00+05:30,44.6773567199707
2018-10-25 00:00:00+05:30,45.16035842895508
2018-10-26 00:00:00+05:30,45.214027404785156
2018-10-29 00:00:00+05:30,49.212181091308594
2018-10-30 00:00:00+05:30,49.131675720214844
2018-10-31 00:00:00+05:30,51.25150680541992
2018-11-01 00:00:00+05:30,50.8490104675293
2018-11-02 00:00:00+05:30,50.231834411621094
2018-11-05 00:00:00+05:30,50.8490104675293
2018-11-06 00:00:00+05:30,52.56633758544922
2018-11-07 00:00:00+05:30,52.72733688354492
2018-11-09 00:00:00+05:30,55.62533187866211
2018-11-12 00:00:00+05:30,53.98849868774414
2018-11-13 00:00:00+05:30,55.06182861328125
2018-11-14 00:00:00+05:30,55.786319732666016
2018-11-15 00:00:00+05:30,57.87931823730469
2018-11-16 00:00:00+05:30,54.390995025634766
2018-11-19 00:00:00+05:30,54.92765808105469
2018-11-20 00:00:00+05:30,55.115501403808594
2018-11-21 00:00:00+05:30,56.000980377197266
2018-11-22 00:00:00+05:30,53.31766891479492
2018-11-26 00:00:00+05:30,54.551998138427734
2018-11-27 00:00:00+05:30,54.63249969482422
2018-11-28 00:00:00+05:30,49.56100845336914
2018-11-29 00:00:00+05:30,49.34634017944336
2018-11-30 00:00:00+05:30,46.394691467285156
2018-12-03 00:00:00+05:30,52.13700866699219
2018-12-04 00:00:00+05:30,52.298004150390625
2018-12-05 00:00:00+05:30,49.53417205810547
2018-12-06 00:00:00+05:30,48.32667922973633
2018-12-07 00:00:00+05:30,48.21934127807617
2018-12-10 00:00:00+05:30,45.294525146484375
2018-12-11 00:00:00+05:30,47.253353118896484
2018-12-12 00:00:00+05:30,45.670196533203125
2018-12-13 00:00:00+05:30,46.23369216918945
2018-12-14 00:00:00+05:30,48.67551040649414
2018-12-17 00:00:00+05:30,49.265846252441406
2018-12-18 00:00:00+05:30,51.815006256103516
2018-12-19 00:00:00+05:30,51.815006256103516
2018-12-20 00:00:00+05:30,52.834659576416016
2018-12-21 00:00:00+05:30,52.64683151245117
2018-12-24 00:00:00+05:30,53.93484115600586
2018-12-26 00:00:00+05:30,53.66650390625
2018-12-27 00:00:00+05:30,53.98849868774414
2018-12-28 00:00:00+05:30,56.40348434448242
2018-12-31 00:00:00+05:30,57.6109733581543
2019-01-01 00:00:00+05:30,57.6378173828125
2019-01-02 00:00:00+05:30,55.83998489379883
2019-01-03 00:00:00+05:30,56.859649658203125
2019-01-04 00:00:00+05:30,57.39631652832031
2019-01-07 00:00:00+05:30,57.23532485961914
2019-01-08 00:00:00+05:30,58.44282913208008
2019-01-09 00:00:00+05:30,58.09398651123047
2019-01-10 00:00:00+05:30,57.98666000366211
2019-01-11 00:00:00+05:30,57.69148254394531
2019-01-14 00:00:00+05:30,57.315834045410156
2019-01-15 00:00:00+05:30,58.120811462402344
2019-01-16 00:00:00+05:30,57.44997787475586
2019-01-17 00:00:00+05:30,57.42314529418945
2019-01-18 00:00:00+05:30,57.58414077758789
2019-01-21 00:00:00+05:30,56.40348434448242
2019-01-22 00:00:00+05:30,54.22999954223633
2019-01-23 00:00:00+05:30,54.71299362182617
2019-01-24 00:00:00+05:30,56.21565246582031
2019-01-25 00:00:00+05:30,55.383827209472656
2019-01-28 00:00:00+05:30,54.06898498535156
2019-01-29 00:00:00+05:30,53.9616584777832
2019-01-30 00:00:00+05:30,53.98849868774414
2019-01-31 00:00:00+05:30,55.571651458740234
2019-02-01 00:00:00+05:30,55.94733428955078
2019-02-04 00:00:00+05:30,54.17632293701172
2019-02-05 00:00:00+05:30,54.04216384887695
2019-02-06 00:00:00+05:30,54.471500396728516
2019-02-07 00:00:00+05:30,56.43032455444336
2019-02-08 00:00:00+05:30,54.14950180053711
2019-02-11 00:00:00+05:30,53.39816665649414
2019-02-12 00:00:00+05:30,53.53232955932617
2019-02-14 00:00:00+05:30,54.12266540527344
2019-02-15 00:00:00+05:30,55.383827209472656
2019-02-18 00:00:00+05:30,55.571651458740234
2019-02-19 00:00:00+05:30,57.664649963378906
2019-02-20 00:00:00+05:30,58.3891487121582
2019-02-21 00:00:00+05:30,59.27463912963867
2019-02-22 00:00:00+05:30,59.67715072631836
2019-02-25 00:00:00+05:30,59.62348175048828
2019-02-26 00:00:00+05:30,60.106483459472656
2019-02-27 00:00:00+05:30,60.267478942871094
2019-02-28 00:00:00+05:30,60.18699645996094
2019-03-01 00:00:00+05:30,60.8846435546875
2019-03-05 00:00:00+05:30,62.414127349853516
2019-03-06 00:00:00+05:30,61.52864074707031
2019-03-07 00:00:00+05:30,60.267478942871094
2019-03-08 00:00:00+05:30,58.3891487121582
2019-03-11 00:00:00+05:30,59.97230911254883
2019-03-12 00:00:00+05:30,59.46248245239258
2019-03-13 00:00:00+05:30,59.7039794921875
2019-03-14 00:00:00+05:30,59.67715072631836
2019-03-15 00:00:00+05:30,60.05280685424805
2019-03-18 00:00:00+05:30,61.60913848876953
2019-03-19 00:00:00+05:30,64.61444854736328
2019-03-20 00:00:00+05:30,61.28713607788086
2019-03-22 00:00:00+05:30,60.69680404663086
2019-03-25 00:00:00+05:30,63.889976501464844
2019-03-26 00:00:00+05:30,63.64847183227539
2019-03-27 00:00:00+05:30,63.138633728027344
2019-03-28 00:00:00+05:30,63.058128356933594
2019-04-01 00:00:00+05:30,64.34614562988281
2019-04-02 00:00:00+05:30,65.39263153076172
2019-04-03 00:00:00+05:30,64.29246520996094
2019-04-04 00:00:00+05:30,64.18513488769531
2019-04-05 00:00:00+05:30,65.31211853027344
2019-04-08 00:00:00+05:30,63.863128662109375
2019-04-09 00:00:00+05:30,64.64129638671875
2019-04-10 00:00:00+05:30,64.50712585449219
2019-04-11 00:00:00+05:30,63.91679763793945
2019-04-12 00:00:00+05:30,64.99014282226562
2019-04-15 00:00:00+05:30,65.20478820800781
2019-04-16 00:00:00+05:30,63.970458984375
2019-04-18 00:00:00+05:30,63.72896957397461
2019-04-22 00:00:00+05:30,61.957977294921875
2019-04-23 00:00:00+05:30,62.62880325317383
2019-04-24 00:00:00+05:30,63.863128662109375
2019-04-25 00:00:00+05:30,63.27280807495117
2019-04-26 00:00:00+05:30,61.823814392089844
2019-04-30 00:00:00+05:30,62.03847885131836
2019-05-02 00:00:00+05:30,61.28713607788086
2019-05-03 00:00:00+05:30,61.34080123901367
2019-05-06 00:00:00+05:30,61.179805755615234
2019-05-07 00:00:00+05:30,59.35515213012695
2019-05-08 00:00:00+05:30,57.79881286621094
2019-05-09 00:00:00+05:30,58.20131301879883
2019-05-10 00:00:00+05:30,58.09398651123047
2019-05-13 00:00:00+05:30,57.530487060546875
2019-05-14 00:00:00+05:30,57.20848846435547
2019-05-15 00:00:00+05:30,57.50364303588867
2019-05-16 00:00:00+05:30,58.63066101074219
2019-05-17 00:00:00+05:30,58.523311614990234
2019-05-20 00:00:00+05:30,62.70930480957031
2019-05-21 00:00:00+05:30,59.86497497558594
2019-05-22 00:00:00+05:30,60.857818603515625
2019-05-23 00:00:00+05:30,59.78449249267578
2019-05-24 00:00:00+05:30,61.93113708496094
2019-05-27 00:00:00+05:30,63.91679763793945
2019-05-28 00:00:00+05:30,63.27280807495117
2019-05-29 00:00:00+05:30,64.96330261230469
2019-05-30 00:00:00+05:30,65.98296356201172
2019-05-31 00:00:00+05:30,66.70745849609375
2019-06-03 00:00:00+05:30,68.50528717041016
2019-06-04 00:00:00+05:30,69.57862091064453
2019-06-06 00:00:00+05:30,70.75926971435547
2019-06-07 00:00:00+05:30,72.0740966796875
2019-06-10 00:00:00+05:30,70.70561218261719
2019-06-11 00:00:00+05:30,71.59111785888672
2019-06-12 00:00:00+05:30,70.78611755371094
2019-06-13 00:00:00+05:30,71.5106201171875
2019-06-14 00:00:00+05:30,71.16175842285156
2019-06-17 00:00:00+05:30,69.04195404052734
2019-06-18 00:00:00+05:30,69.52495574951172
2019-06-19 00:00:00+05:30,70.14212036132812
2019-06-20 00:00:00+05:30,70.1689453125
2019-06-21 00:00:00+05:30,70.03475952148438
2019-06-24 00:00:00+05:30,70.65194702148438
2019-06-25 00:00:00+05:30,72.0740966796875
2019-06-26 00:00:00+05:30,73.2279281616211
2019-06-27 00:00:00+05:30,72.90594482421875
2019-06-28 00:00:00+05:30,72.02046203613281
2019-07-01 00:00:00+05:30,69.33711242675781
2019-07-02 00:00:00+05:30,69.98111724853516
2019-07-03 00:00:00+05:30,71.64476013183594
2019-07-04 00:00:00+05:30,71.40327453613281
2019-07-05 00:00:00+05:30,70.4372787475586
2019-07-08 00:00:00+05:30,68.42477416992188
2019-07-09 00:00:00+05:30,68.88095092773438
2019-07-10 00:00:00+05:30,67.0562973022461
2019-07-11 00:00:00+05:30,67.72712707519531
2019-07-12 00:00:00+05:30,66.92212677001953
2019-07-15 00:00:00+05:30,67.1099624633789
2019-07-16 00:00:00+05:30,67.4856185913086
2019-07-17 00:00:00+05:30,67.16361999511719
2019-07-18 00:00:00+05:30,64.93647003173828
2019-07-19 00:00:00+05:30,63.997291564941406
2019-07-22 00:00:00+05:30,64.8827896118164
2019-07-23 00:00:00+05:30,62.76297378540039
2019-07-24 00:00:00+05:30,60.13330841064453
2019-07-25 00:00:00+05:30,60.213809967041016
2019-07-26 00:00:00+05:30,60.42847442626953
2019-07-29 00:00:00+05:30,58.898990631103516
2019-07-30 00:00:00+05:30,58.25497817993164
2019-07-31 00:00:00+05:30,58.898990631103516
2019-08-01 00:00:00+05:30,57.10114669799805
2019-08-02 00:00:00+05:30,57.825645446777344
2019-08-05 00:00:00+05:30,55.92048263549805
2019-08-06 00:00:00+05:30,57.58414077758789
2019-08-07 00:00:00+05:30,56.59133529663086
2019-08-08 00:00:00+05:30,58.49647903442383
2019-08-09 00:00:00+05:30,58.65748596191406
2019-08-13 00:00:00+05:30,55.83998489379883
2019-08-14 00:00:00+05:30,57.02066421508789
2019-08-16 00:00:00+05:30,58.87213897705078
2019-08-19 00:00:00+05:30,58.120811462402344
2019-08-20 00:00:00+05:30,57.10114669799805
2019-08-21 00:00:00+05:30,54.73981857299805
2019-08-22 00:00:00+05:30,54.57882308959961
2019-08-23 00:00:00+05:30,54.65932846069336
2019-08-26 00:00:00+05:30,56.21565246582031
2019-08-27 00:00:00+05:30,56.53765106201172
2019-08-28 00:00:00+05:30,55.43749237060547
2019-08-29 00:00:00+05:30,54.17632293701172
2019-08-30 00:00:00+05:30,56.24250030517578
2019-09-03 00:00:00+05:30,54.76665115356445
2019-09-04 00:00:00+05:30,56.16199493408203
2019-09-05 00:00:00+05:30,55.83998489379883
2019-09-06 00:00:00+05:30,58.228153228759766
2019-09-09 00:00:00+05:30,58.925811767578125
2019-09-11 00:00:00+05:30,59.19414138793945
2019-09-12 00:00:00+05:30,59.91863250732422
2019-09-13 00:00:00+05:30,59.7039794921875
2019-09-16 00:00:00+05:30,59.220985412597656
2019-09-17 00:00:00+05:30,54.954490661621094
2019-09-18 00:00:00+05:30,54.31049728393555
2019-09-19 00:00:00+05:30,53.39816665649414
2019-09-20 00:00:00+05:30,54.76665115356445
2019-09-23 00:00:00+05:30,56.644996643066406
2019-09-24 00:00:00+05:30,55.86682891845703
2019-09-25 00:00:00+05:30,53.9616584777832
2019-09-26 00:00:00+05:30,53.88115692138672
2019-09-27 00:00:00+05:30,53.77383041381836
2019-09-30 00:00:00+05:30,53.3444938659668
2019-10-01 00:00:00+05:30,51.412506103515625
2019-10-03 00:00:00+05:30,51.03684616088867
2019-10-04 00:00:00+05:30,51.01000213623047
2019-10-07 00:00:00+05:30,50.79532241821289
2019-10-09 00:00:00+05:30,50.76851272583008
2019-10-10 00:00:00+05:30,49.69518280029297
2019-10-11 00:00:00+05:30,49.10484313964844
2019-10-14 00:00:00+05:30,50.15134811401367
2019-10-15 00:00:00+05:30,50.58067321777344
2019-10-16 00:00:00+05:30,51.51983642578125
2019-10-17 00:00:00+05:30,51.06367111206055
2019-10-18 00:00:00+05:30,52.64683151245117
2019-10-22 00:00:00+05:30,54.471500396728516
2019-10-23 00:00:00+05:30,56.05465316772461
2019-10-24 00:00:00+05:30,56.05465316772461
2019-10-25 00:00:00+05:30,56.94013977050781
2019-10-27 00:00:00+05:30,56.67182159423828
2019-10-29 00:00:00+05:30,57.4768180847168
2019-10-30 00:00:00+05:30,57.28898620605469
2019-10-31 00:00:00+05:30,58.57699203491211
2019-11-01 00:00:00+05:30,59.62348175048828
2019-11-04 00:00:00+05:30,60.32114028930664
2019-11-05 00:00:00+05:30,60.05280685424805
2019-11-06 00:00:00+05:30,59.569820404052734
2019-11-07 00:00:00+05:30,60.830970764160156
2019-11-08 00:00:00+05:30,59.59663772583008
2019-11-11 00:00:00+05:30,60.535804748535156
2019-11-13 00:00:00+05:30,59.328311920166016
2019-11-14 00:00:00+05:30,60.05280685424805
2019-11-15 00:00:00+05:30,59.650306701660156
2019-11-18 00:00:00+05:30,63.1118049621582
2019-11-19 00:00:00+05:30,63.56797409057617
2019-11-20 00:00:00+05:30,63.29962921142578
2019-11-21 00:00:00+05:30,61.66279602050781
2019-11-22 00:00:00+05:30,63.46062088012695
2019-11-25 00:00:00+05:30,63.56797409057617
2019-11-26 00:00:00+05:30,62.68247985839844
2019-11-27 00:00:00+05:30,61.770137786865234
2019-11-28 00:00:00+05:30,62.73613357543945
2019-11-29 00:00:00+05:30,61.44812774658203
2019-12-02 00:00:00+05:30,60.96513366699219
2019-12-03 00:00:00+05:30,61.09931945800781
2019-12-04 00:00:00+05:30,61.474971771240234
2019-12-05 00:00:00+05:30,61.66279602050781
2019-12-06 00:00:00+05:30,58.9526481628418
2019-12-09 00:00:00+05:30,59.91863250732422
2019-12-10 00:00:00+05:30,59.838134765625
2019-12-11 00:00:00+05:30,61.28713607788086
2019-12-12 00:00:00+05:30,61.98481369018555
2019-12-13 00:00:00+05:30,61.98481369018555
2019-12-16 00:00:00+05:30,61.555484771728516
2019-12-17 00:00:00+05:30,61.58232116699219
2019-12-18 00:00:00+05:30,60.80414581298828
2019-12-19 00:00:00+05:30,60.830970764160156
2019-12-20 00:00:00+05:30,60.80414581298828
2019-12-23 00:00:00+05:30,60.02599334716797
2019-12-24 00:00:00+05:30,60.07963562011719
2019-12-26 00:00:00+05:30,59.62348175048828
2019-12-27 00:00:00+05:30,61.7432975769043
2019-12-30 00:00:00+05:30,61.28713607788086
2019-12-31 00:00:00+05:30,63.27280807495117
2020-01-01 00:00:00+05:30,63.54112243652344
2020-01-02 00:00:00+05:30,64.31929779052734
2020-01-03 00:00:00+05:30,63.72896957397461
2020-01-06 00:00:00+05:30,60.5894775390625
2020-01-07 00:00:00+05:30,62.76297378540039
2020-01-08 00:00:00+05:30,62.279972076416016
2020-01-09 00:00:00+05:30,64.13146209716797
2020-01-10 00:00:00+05:30,65.28528594970703
2020-01-13 00:00:00+05:30,67.0831069946289
2020-01-14 00:00:00+05:30,65.87561798095703
2020-01-15 00:00:00+05:30,66.89529418945312
2020-01-16 00:00:00+05:30,66.19761657714844
2020-01-17 00:00:00+05:30,65.44629669189453
2020-01-20 00:00:00+05:30,60.294307708740234
2020-01-21 00:00:00+05:30,57.23532485961914
2020-01-22 00:00:00+05:30,58.415992736816406
2020-01-23 00:00:00+05:30,60.69680404663086
2020-01-24 00:00:00+05:30,62.44097137451172
2020-01-27 00:00:00+05:30,62.172637939453125
2020-01-28 00:00:00+05:30,62.253135681152344
2020-01-29 00:00:00+05:30,63.380130767822266
2020-01-30 00:00:00+05:30,64.13146209716797
2020-01-31 00:00:00+05:30,62.60197448730469
2020-02-03 00:00:00+05:30,61.15298080444336
2020-02-04 00:00:00+05:30,62.279972076416016
2020-02-05 00:00:00+05:30,65.95612335205078
2020-02-06 00:00:00+05:30,66.38546752929688
2020-02-07 00:00:00+05:30,67.27095031738281
2020-02-10 00:00:00+05:30,67.4856185913086
2020-02-11 00:00:00+05:30,67.27095031738281
2020-02-12 00:00:00+05:30,67.96862030029297
2020-02-13 00:00:00+05:30,67.64661407470703
2020-02-14 00:00:00+05:30,67.96862030029297
2020-02-17 00:00:00+05:30,67.86129760742188
2020-02-18 00:00:00+05:30,68.50528717041016
2020-02-19 00:00:00+05:30,69.55179595947266
2020-02-20 00:00:00+05:30,70.97393798828125
2020-02-24 00:00:00+05:30,69.4444351196289
2020-02-25 00:00:00+05:30,69.1492919921875
2020-02-26 00:00:00+05:30,68.2637939453125
2020-02-27 00:00:00+05:30,67.13679504394531
2020-02-28 00:00:00+05:30,63.56507110595703
2020-03-02 00:00:00+05:30,64.81371307373047
2020-03-03 00:00:00+05:30,65.77198791503906
2020-03-04 00:00:00+05:30,65.94621276855469
2020-03-05 00:00:00+05:30,65.65581512451172
2020-03-06 00:00:00+05:30,64.17485809326172
2020-03-09 00:00:00+05:30,60.5741081237793
2020-03-11 00:00:00+05:30,59.70295333862305
2020-03-12 00:00:00+05:30,52.50143051147461
2020-03-13 00:00:00+05:30,59.49967575073242
2020-03-16 00:00:00+05:30,53.60488510131836
2020-03-17 00:00:00+05:30,52.41432189941406
2020-03-18 00:00:00+05:30,54.35988235473633
2020-03-19 00:00:00+05:30,51.746437072753906
2020-03-20 00:00:00+05:30,53.28548049926758
2020-03-23 00:00:00+05:30,47.27452087402344
2020-03-24 00:00:00+05:30,46.17106628417969
2020-03-25 00:00:00+05:30,50.09124755859375
2020-03-26 00:00:00+05:30,53.662967681884766
2020-03-27 00:00:00+05:30,51.252784729003906
2020-03-30 00:00:00+05:30,51.54315948486328
2020-03-31 00:00:00+05:30,53.40161895751953
2020-04-01 00:00:00+05:30,51.63027572631836
2020-04-03 00:00:00+05:30,50.09124755859375
2020-04-07 00:00:00+05:30,51.920677185058594
2020-04-08 00:00:00+05:30,52.90797424316406
2020-04-09 00:00:00+05:30,52.6756591796875
2020-04-13 00:00:00+05:30,51.28181838989258
2020-04-15 00:00:00+05:30,51.36894226074219
2020-04-16 00:00:00+05:30,52.2110481262207
2020-04-17 00:00:00+05:30,54.3889274597168
2020-04-20 00:00:00+05:30,51.862586975097656
2020-04-21 00:00:00+05:30,50.788169860839844
2020-04-22 00:00:00+05:30,50.58489990234375
2020-04-23 00:00:00+05:30,53.31450653076172
2020-04-24 00:00:00+05:30,52.87892532348633
2020-04-27 00:00:00+05:30,53.37257385253906
2020-04-28 00:00:00+05:30,52.70470428466797
2020-04-29 00:00:00+05:30,55.085853576660156
2020-04-30 00:00:00+05:30,55.405269622802734
2020-05-04 00:00:00+05:30,53.02412033081055
2020-05-05 00:00:00+05:30,52.6756591796875
2020-05-06 00:00:00+05:30,52.2110481262207
2020-05-07 00:00:00+05:30,50.7300910949707
2020-05-08 00:00:00+05:30,48.81355285644531
2020-05-11 00:00:00+05:30,48.81355285644531
2020-05-12 00:00:00+05:30,48.02952194213867
2020-05-13 00:00:00+05:30,52.065853118896484
2020-05-14 00:00:00+05:30,49.829898834228516
2020-05-15 00:00:00+05:30,48.87162780761719
2020-05-18 00:00:00+05:30,47.187408447265625
2020-05-19 00:00:00+05:30,46.63566589355469
2020-05-20 00:00:00+05:30,47.042213439941406
2020-05-21 00:00:00+05:30,45.93874740600586
2020-05-22 00:00:00+05:30,43.47049331665039
2020-05-26 00:00:00+05:30,43.615684509277344
2020-05-27 00:00:00+05:30,44.66106414794922
2020-05-28 00:00:00+05:30,44.893367767333984
2020-05-29 00:00:00+05:30,43.67375564575195
2020-06-01 00:00:00+05:30,47.44874954223633
2020-06-02 00:00:00+05:30,47.91337203979492
2020-06-03 00:00:00+05:30,47.59394073486328
2020-06-04 00:00:00+05:30,46.89701461791992
2020-06-05 00:00:00+05:30,49.97508239746094
2020-06-08 00:00:00+05:30,49.7137565612793
2020-06-09 00:00:00+05:30,48.11662292480469
2020-06-10 00:00:00+05:30,49.59759521484375
2020-06-11 00:00:00+05:30,48.11662292480469
2020-06-12 00:00:00+05:30,48.552207946777344
2020-06-15 00:00:00+05:30,47.97144317626953
2020-06-16 00:00:00+05:30,48.087589263916016
2020-06-17 00:00:00+05:30,48.63932800292969
2020-06-18 00:00:00+05:30,49.7137565612793
2020-06-19 00:00:00+05:30,49.481441497802734
2020-06-22 00:00:00+05:30,52.617591857910156
2020-06-23 00:00:00+05:30,51.80450439453125
2020-06-24 00:00:00+05:30,51.07855224609375
2020-06-25 00:00:00+05:30,52.26913070678711
2020-06-26 00:00:00+05:30,52.32719802856445
2020-06-29 00:00:00+05:30,50.61393356323242
2020-06-30 00:00:00+05:30,48.784523010253906
2020-07-01 00:00:00+05:30,49.162017822265625
2020-07-02 00:00:00+05:30,49.36528396606445
2020-07-03 00:00:00+05:30,48.900672912597656
2020-07-06 00:00:00+05:30,50.9333610534668
2020-07-07 00:00:00+05:30,49.74279022216797
2020-07-08 00:00:00+05:30,49.07490539550781
2020-07-09 00:00:00+05:30,49.162017822265625
2020-07-10 00:00:00+05:30,48.552207946777344
2020-07-13 00:00:00+05:30,48.436058044433594
2020-07-14 00:00:00+05:30,46.78086853027344
2020-07-15 00:00:00+05:30,46.20009994506836
2020-07-16 00:00:00+05:30,47.187408447265625
2020-07-17 00:00:00+05:30,47.62297821044922
2020-07-20 00:00:00+05:30,48.05855941772461
2020-07-21 00:00:00+05:30,49.481441497802734
2020-07-22 00:00:00+05:30,49.336246490478516
2020-07-23 00:00:00+05:30,49.27815628051758
2020-07-24 00:00:00+05:30,48.02952194213867
2020-07-27 00:00:00+05:30,47.27452087402344
2020-07-28 00:00:00+05:30,47.21643829345703
2020-07-29 00:00:00+05:30,48.61029052734375
2020-07-30 00:00:00+05:30,47.65202331542969
2020-07-31 00:00:00+05:30,46.95509338378906
2020-08-03 00:00:00+05:30,47.07124710083008
2020-08-04 00:00:00+05:30,47.187408447265625
2020-08-05 00:00:00+05:30,48.05855941772461
2020-08-06 00:00:00+05:30,50.09124755859375
2020-08-07 00:00:00+05:30,49.62663269042969
2020-08-10 00:00:00+05:30,51.978729248046875
2020-08-11 00:00:00+05:30,52.298160552978516
2020-08-12 00:00:00+05:30,53.227394104003906
2020-08-13 00:00:00+05:30,55.376224517822266
2020-08-14 00:00:00+05:30,52.995079040527344
2020-08-17 00:00:00+05:30,54.18564987182617
2020-08-18 00:00:00+05:30,54.35988235473633
2020-08-19 00:00:00+05:30,56.276424407958984
2020-08-20 00:00:00+05:30,58.94796371459961
2020-08-21 00:00:00+05:30,58.686614990234375
2020-08-24 00:00:00+05:30,56.886234283447266
2020-08-25 00:00:00+05:30,57.496028900146484
2020-08-26 00:00:00+05:30,57.496028900146484
2020-08-27 00:00:00+05:30,56.62489318847656
2020-08-28 00:00:00+05:30,57.03142547607422
2020-08-31 00:00:00+05:30,54.621238708496094
2020-09-01 00:00:00+05:30,56.53776168823242
2020-09-02 00:00:00+05:30,56.18929672241211
2020-09-03 00:00:00+05:30,55.695648193359375
2020-09-04 00:00:00+05:30,53.72105026245117
2020-09-07 00:00:00+05:30,53.60488510131836
2020-09-08 00:00:00+05:30,52.182003021240234
2020-09-09 00:00:00+05:30,51.89162826538086
2020-09-10 00:00:00+05:30,53.02412033081055
2020-09-11 00:00:00+05:30,53.517784118652344
2020-09-14 00:00:00+05:30,53.488731384277344
2020-09-15 00:00:00+05:30,53.982398986816406
2020-09-16 00:00:00+05:30,55.02777862548828
2020-09-17 00:00:00+05:30,54.99873352050781
2020-09-18 00:00:00+05:30,54.243743896484375
2020-09-21 00:00:00+05:30,51.397979736328125
2020-09-22 00:00:00+05:30,50.7300910949707
2020-09-23 00:00:00+05:30,50.06220245361328
2020-09-24 00:00:00+05:30,47.94240188598633
2020-09-25 00:00:00+05:30,49.56855010986328
2020-09-28 00:00:00+05:30,51.07855224609375
2020-09-29 00:00:00+05:30,51.252784729003906
2020-09-30 00:00:00+05:30,50.06220245361328
2020-10-01 00:00:00+05:30,51.485084533691406
2020-10-05 00:00:00+05:30,50.701053619384766
2020-10-06 00:00:00+05:30,50.672019958496094
2020-10-07 00:00:00+05:30,50.1783561706543
2020-10-08 00:00:00+05:30,50.43971252441406
2020-10-09 00:00:00+05:30,50.52682113647461
2020-10-12 00:00:00+05:30,49.94606399536133
2020-10-13 00:00:00+05:30,49.07490539550781
2020-10-14 00:00:00+05:30,50.06220245361328
2020-10-15 00:00:00+05:30,49.191062927246094
2020-10-16 00:00:00+05:30,49.394325256347656
2020-10-19 00:00:00+05:30,50.672019958496094
2020-10-20 00:00:00+05:30,50.84624099731445
2020-10-21 00:00:00+05:30,51.33989334106445
2020-10-22 00:00:00+05:30,52.24008560180664
2020-10-23 00:00:00+05:30,52.26913070678711
2020-10-26 00:00:00+05:30,51.020469665527344
2020-10-27 00:00:00+05:30,51.397979736328125
2020-10-28 00:00:00+05:30,49.829898834228516
2020-10-29 00:00:00+05:30,49.481441497802734
2020-10-30 00:00:00+05:30,50.58489990234375
2020-11-02 00:00:00+05:30,53.053157806396484
2020-11-03 00:00:00+05:30,53.14027786254883
2020-11-04 00:00:00+05:30,52.937007904052734
2020-11-05 00:00:00+05:30,54.35988235473633
2020-11-06 00:00:00+05:30,55.57950210571289
2020-11-09 00:00:00+05:30,57.205650329589844
2020-11-10 00:00:00+05:30,56.886234283447266
2020-11-11 00:00:00+05:30,57.583160400390625
2020-11-12 00:00:00+05:30,58.71565246582031
2020-11-13 00:00:00+05:30,59.8191032409668
2020-11-14 00:00:00+05:30,59.52873229980469
2020-11-17 00:00:00+05:30,60.39987564086914
2020-11-18 00:00:00+05:30,60.719303131103516
2020-11-19 00:00:00+05:30,60.80643081665039
2020-11-20 00:00:00+05:30,60.1094970703125
2020-11-23 00:00:00+05:30,60.42890930175781
2020-11-24 00:00:00+05:30,60.835445404052734
2020-11-25 00:00:00+05:30,61.24200439453125
2020-11-26 00:00:00+05:30,63.36178970336914
2020-11-27 00:00:00+05:30,62.8390998840332
2020-12-01 00:00:00+05:30,63.21661376953125
2020-12-02 00:00:00+05:30,63.71025085449219
2020-12-03 00:00:00+05:30,66.46890258789062
2020-12-04 00:00:00+05:30,67.07872009277344
2020-12-07 00:00:00+05:30,68.5596694946289
2020-12-08 00:00:00+05:30,67.34005737304688
2020-12-09 00:00:00+05:30,68.76292419433594
2020-12-10 00:00:00+05:30,66.5269775390625
2020-12-11 00:00:00+05:30,68.15313720703125
2020-12-14 00:00:00+05:30,70.47620391845703
2020-12-15 00:00:00+05:30,70.21485137939453
2020-12-16 00:00:00+05:30,69.83735656738281
2020-12-17 00:00:00+05:30,68.7919921875
2020-12-18 00:00:00+05:30,68.24024200439453
2020-12-21 00:00:00+05:30,64.00065612792969
2020-12-22 00:00:00+05:30,64.5233383178711
2020-12-23 00:00:00+05:30,65.94621276855469
2020-12-24 00:00:00+05:30,66.294677734375
2020-12-28 00:00:00+05:30,67.86274719238281
2020-12-29 00:00:00+05:30,67.51427459716797
2020-12-30 00:00:00+05:30,66.5269775390625
2020-12-31 00:00:00+05:30,66.38178253173828
2021-01-01 00:00:00+05:30,66.8173599243164
2021-01-04 00:00:00+05:30,68.85005950927734
2021-01-05 00:00:00+05:30,68.87909698486328
2021-01-06 00:00:00+05:30,68.9662094116211
2021-01-07 00:00:00+05:30,69.28562927246094
2021-01-08 00:00:00+05:30,70.24390411376953
2021-01-11 00:00:00+05:30,69.54696655273438
2021-01-12 00:00:00+05:30,70.5342788696289
2021-01-13 00:00:00+05:30,70.33101654052734
2021-01-14 00:00:00+05:30,70.21485137939453
2021-01-15 00:00:00+05:30,70.5052490234375
2021-01-18 00:00:00+05:30,68.18217468261719
2021-01-19 00:00:00+05:30,71.0279312133789
2021-01-20 00:00:00+05:30,70.5342788696289
2021-01-21 00:00:00+05:30,68.93717193603516
2021-01-22 00:00:00+05:30,67.16582489013672
2021-01-25 00:00:00+05:30,66.35275268554688
2021-01-27 00:00:00+05:30,64.78468322753906
2021-01-28 00:00:00+05:30,63.94257736206055
2021-01-29 00:00:00+05:30,63.76832580566406
2021-02-01 00:00:00+05:30,67.60140228271484
2021-02-02 00:00:00+05:30,69.08236694335938
2021-02-03 00:00:00+05:30,72.56697845458984
2021-02-04 00:00:00+05:30,73.6704330444336
2021-02-05 00:00:00+05:30,73.2638931274414
2021-02-08 00:00:00+05:30,74.39637756347656
2021-02-09 00:00:00+05:30,73.1477279663086
2021-02-10 00:00:00+05:30,73.84465789794922
2021-02-11 00:00:00+05:30,74.04792785644531
2021-02-12 00:00:00+05:30,73.4381332397461
2021-02-15 00:00:00+05:30,76.1386947631836
2021-02-16 00:00:00+05:30,77.64869689941406
2021-02-17 00:00:00+05:30,75.49984741210938
2021-02-18 00:00:00+05:30,76.08063507080078
2021-02-19 00:00:00+05:30,72.1894760131836
2021-02-22 00:00:00+05:30,70.65042114257812
2021-02-23 00:00:00+05:30,70.737548828125
2021-02-24 00:00:00+05:30,72.24754333496094
2021-02-25 00:00:00+05:30,75.35466003417969
2021-02-26 00:00:00+05:30,72.01524353027344
2021-03-01 00:00:00+05:30,73.6704330444336
2021-03-02 00:00:00+05:30,75.2675552368164
2021-03-03 00:00:00+05:30,77.56156921386719
2021-03-04 00:00:00+05:30,77.64869689941406
2021-03-05 00:00:00+05:30,74.65773010253906
2021-03-08 00:00:00+05:30,77.67772674560547
2021-03-09 00:00:00+05:30,76.92272186279297
2021-03-10 00:00:00+05:30,78.05521392822266
2021-03-12 00:00:00+05:30,79.97176361083984
2021-03-15 00:00:00+05:30,79.4781265258789
2021-03-16 00:00:00+05:30,80.66867065429688
2021-03-17 00:00:00+05:30,78.81021881103516
2021-03-18 00:00:00+05:30,76.661376953125
2021-03-19 00:00:00+05:30,76.3522720336914
2021-03-22 00:00:00+05:30,75.08487701416016
2021-03-23 00:00:00+05:30,74.55938720703125
2021-03-24 00:00:00+05:30,72.24099731445312
2021-03-25 00:00:00+05:30,70.2317123413086
2021-03-26 00:00:00+05:30,70.81903839111328
2021-03-30 00:00:00+05:30,68.68612670898438
2021-03-31 00:00:00+05:30,70.32444763183594
2021-04-01 00:00:00+05:30,70.72631072998047
2021-04-05 00:00:00+05:30,68.90251159667969
2021-04-06 00:00:00+05:30,70.69540405273438
2021-04-07 00:00:00+05:30,72.05552673339844
2021-04-08 00:00:00+05:30,71.18998718261719
2021-04-09 00:00:00+05:30,70.41719055175781
2021-04-12 00:00:00+05:30,64.76031494140625
2021-04-13 00:00:00+05:30,67.97514343261719
2021-04-15 00:00:00+05:30,67.66604614257812
2021-04-16 00:00:00+05:30,67.44964599609375
2021-04-19 00:00:00+05:30,64.9767074584961
2021-04-20 00:00:00+05:30,65.25492095947266
2021-04-22 00:00:00+05:30,65.78041076660156
2021-04-23 00:00:00+05:30,66.02771759033203
2021-04-26 00:00:00+05:30,66.12043762207031
2021-04-27 00:00:00+05:30,67.07872009277344
2021-04-28 00:00:00+05:30,66.73867797851562
2021-04-29 00:00:00+05:30,66.24408721923828
2021-04-30 00:00:00+05:30,67.01689910888672
2021-05-03 00:00:00+05:30,66.12043762207031
2021-05-04 00:00:00+05:30,66.64595794677734
2021-05-05 00:00:00+05:30,67.48057556152344
2021-05-06 00:00:00+05:30,67.29510498046875
2021-05-07 00:00:00+05:30,68.56248474121094
2021-05-10 00:00:00+05:30,70.69540405273438
2021-05-11 00:00:00+05:30,72.33370971679688
2021-05-12 00:00:00+05:30,71.25180053710938
2021-05-14 00:00:00+05:30,70.13899230957031
2021-05-17 00:00:00+05:30,71.46819305419922
2021-05-18 00:00:00+05:30,71.96278381347656
2021-05-19 00:00:00+05:30,71.99371337890625
2021-05-20 00:00:00+05:30,72.33370971679688
2021-05-21 00:00:00+05:30,73.47747039794922
2021-05-24 00:00:00+05:30,73.78658294677734
2021-05-25 00:00:00+05:30,73.53929901123047
2021-05-26 00:00:00+05:30,72.95195770263672
2021-05-27 00:00:00+05:30,72.39553833007812
2021-05-28 00:00:00+05:30,74.49755859375
2021-05-31 00:00:00+05:30,74.3739013671875
2021-06-01 00:00:00+05:30,73.66292572021484
2021-06-02 00:00:00+05:30,75.17761993408203
2021-06-03 00:00:00+05:30,74.6521224975586
2021-06-04 00:00:00+05:30,75.5485610961914
2021-06-07 00:00:00+05:30,77.74330139160156
2021-06-08 00:00:00+05:30,77.12506103515625
2021-06-09 00:00:00+05:30,79.99986267089844
2021-06-10 00:00:00+05:30,80.83447265625
2021-06-11 00:00:00+05:30,80.6799087524414
2021-06-14 00:00:00+05:30,80.09259796142578
2021-06-15 00:00:00+05:30,79.04159545898438
2021-06-16 00:00:00+05:30,79.90714263916016
2021-06-17 00:00:00+05:30,78.51610565185547
2021-06-18 00:00:00+05:30,76.87777709960938
2021-06-21 00:00:00+05:30,76.90867614746094
2021-06-22 00:00:00+05:30,76.47591400146484
2021-06-23 00:00:00+05:30,76.13587951660156
2021-06-24 00:00:00+05:30,75.73403930664062
2021-06-25 00:00:00+05:30,76.3522720336914
2021-06-28 00:00:00+05:30,76.75411224365234
2021-06-29 00:00:00+05:30,76.69230651855469
2021-06-30 00:00:00+05:30,79.62892150878906
2021-07-01 00:00:00+05:30,76.58317565917969
2021-07-02 00:00:00+05:30,76.01799774169922
2021-07-05 00:00:00+05:30,77.33676147460938
2021-07-06 00:00:00+05:30,76.30057525634766
2021-07-07 00:00:00+05:30,76.45758056640625
2021-07-08 00:00:00+05:30,76.23779296875
2021-07-09 00:00:00+05:30,76.394775390625
2021-07-12 00:00:00+05:30,77.55656433105469
2021-07-13 00:00:00+05:30,78.02754974365234
2021-07-14 00:00:00+05:30,77.80776977539062
2021-07-15 00:00:00+05:30,78.9381332397461
2021-07-16 00:00:00+05:30,80.09992980957031
2021-07-19 00:00:00+05:30,79.81730651855469
2021-07-20 00:00:00+05:30,80.09992980957031
2021-07-22 00:00:00+05:30,80.91630554199219
2021-07-23 00:00:00+05:30,80.66511535644531
2021-07-26 00:00:00+05:30,80.25690460205078
2021-07-27 00:00:00+05:30,77.77635955810547
2021-07-28 00:00:00+05:30,78.84394073486328
2021-07-29 00:00:00+05:30,80.13131713867188
2021-07-30 00:00:00+05:30,81.60707092285156
2021-08-02 00:00:00+05:30,83.89923858642578
2021-08-03 00:00:00+05:30,82.89446258544922
2021-08-04 00:00:00+05:30,82.14087677001953
2021-08-05 00:00:00+05:30,82.73746490478516
2021-08-06 00:00:00+05:30,83.86784362792969
2021-08-09 00:00:00+05:30,82.51766967773438
2021-08-10 00:00:00+05:30,80.57090759277344
2021-08-11 00:00:00+05:30,80.94768524169922
2021-08-12 00:00:00+05:30,81.41868591308594
2021-08-13 00:00:00+05:30,80.60230255126953
2021-08-16 00:00:00+05:30,83.02006530761719
2021-08-17 00:00:00+05:30,80.72789001464844
2021-08-18 00:00:00+05:30,80.50809478759766
2021-08-20 00:00:00+05:30,78.12174224853516
2021-08-23 00:00:00+05:30,77.33676147460938
2021-08-24 00:00:00+05:30,78.6555404663086
2021-08-25 00:00:00+05:30,79.0323257446289
2021-08-26 00:00:00+05:30,78.27874755859375
2021-08-27 00:00:00+05:30,79.3149185180664
2021-08-30 00:00:00+05:30,81.51290130615234
2021-08-31 00:00:00+05:30,82.47148895263672
2021-09-01 00:00:00+05:30,82.63125610351562
2021-09-02 00:00:00+05:30,81.99217987060547
2021-09-03 00:00:00+05:30,82.15194702148438
2021-09-06 00:00:00+05:30,82.02413940429688
2021-09-07 00:00:00+05:30,81.51290130615234
2021-09-08 00:00:00+05:30,84.48455047607422
2021-09-09 00:00:00+05:30,86.40174102783203
2021-09-13 00:00:00+05:30,88.63846588134766
2021-09-14 00:00:00+05:30,88.35089111328125
2021-09-15 00:00:00+05:30,87.83964538574219
2021-09-16 00:00:00+05:30,87.13667297363281
2021-09-17 00:00:00+05:30,88.38285827636719
2021-09-20 00:00:00+05:30,85.28336334228516
2021-09-21 00:00:00+05:30,85.25142669677734
2021-09-22 00:00:00+05:30,86.27392578125
2021-09-23 00:00:00+05:30,88.35089111328125
2021-09-24 00:00:00+05:30,86.36978912353516
2021-09-27 00:00:00+05:30,86.75322723388672
2021-09-28 00:00:00+05:30,91.45037078857422
2021-09-29 00:00:00+05:30,92.18528747558594
2021-09-30 00:00:00+05:30,90.8113021850586
2021-10-01 00:00:00+05:30,89.40534973144531
2021-10-04 00:00:00+05:30,90.65152740478516
2021-10-05 00:00:00+05:30,91.03497314453125
2021-10-06 00:00:00+05:30,89.30948638916016
2021-10-07 00:00:00+05:30,90.14027404785156
2021-10-08 00:00:00+05:30,89.34144592285156
2021-10-11 00:00:00+05:30,90.77933502197266
2021-10-12 00:00:00+05:30,90.7154312133789
2021-10-13 00:00:00+05:30,91.19473266601562
2021-10-14 00:00:00+05:30,95.18889617919922
2021-10-18 00:00:00+05:30,96.37117004394531
2021-10-19 00:00:00+05:30,92.12138366699219
2021-10-20 00:00:00+05:30,89.7568359375
2021-10-21 00:00:00+05:30,90.74739837646484
2021-10-22 00:00:00+05:30,87.61597442626953
2021-10-25 00:00:00+05:30,87.20056915283203
2021-10-26 00:00:00+05:30,87.67987060546875
2021-10-27 00:00:00+05:30,89.43730163574219
2021-10-28 00:00:00+05:30,85.7626953125
2021-10-29 00:00:00+05:30,85.05970764160156
2021-11-01 00:00:00+05:30,86.36978912353516
2021-11-02 00:00:00+05:30,86.72127532958984
2021-11-03 00:00:00+05:30,86.7851791381836
2021-11-04 00:00:00+05:30,87.5840072631836
2021-11-08 00:00:00+05:30,89.69293975830078
2021-11-09 00:00:00+05:30,88.86213684082031
2021-11-10 00:00:00+05:30,89.62902069091797
2021-11-11 00:00:00+05:30,89.14972686767578
2021-11-12 00:00:00+05:30,88.2550277709961
2021-11-15 00:00:00+05:30,86.3058853149414
2021-11-16 00:00:00+05:30,85.02774810791016
2021-11-17 00:00:00+05:30,84.26087188720703
2021-11-18 00:00:00+05:30,82.72711944580078
2021-11-22 00:00:00+05:30,80.55427551269531
2021-11-23 00:00:00+05:30,80.84185791015625
2021-11-24 00:00:00+05:30,80.90705871582031
2021-11-25 00:00:00+05:30,80.67887878417969
2021-11-26 00:00:00+05:30,77.61470794677734
2021-11-29 00:00:00+05:30,75.9196548461914
2021-11-30 00:00:00+05:30,75.82185363769531
2021-12-01 00:00:00+05:30,77.9081039428711
2021-12-02 00:00:00+05:30,79.24459838867188
2021-12-03 00:00:00+05:30,79.01640319824219
2021-12-06 00:00:00+05:30,78.5926284790039
2021-12-07 00:00:00+05:30,79.96173858642578
2021-12-08 00:00:00+05:30,80.385498046875
2021-12-09 00:00:00+05:30,81.1678466796875
2021-12-10 00:00:00+05:30,80.28770446777344
2021-12-13 00:00:00+05:30,80.3529052734375
2021-12-14 00:00:00+05:30,80.74408721923828
2021-12-15 00:00:00+05:30,79.76615905761719
2021-12-16 00:00:00+05:30,78.8534164428711
2021-12-17 00:00:00+05:30,77.6799087524414
2021-12-20 00:00:00+05:30,74.97432708740234
2021-12-21 00:00:00+05:30,75.65885925292969
2021-12-22 00:00:00+05:30,76.3108139038086
2021-12-23 00:00:00+05:30,78.49484252929688
2021-12-24 00:00:00+05:30,76.96275329589844
2021-12-27 00:00:00+05:30,77.71251678466797
2021-12-28 00:00:00+05:30,78.33187103271484
2021-12-29 00:00:00+05:30,77.810302734375
2021-12-30 00:00:00+05:30,76.93016052246094
2021-12-31 00:00:00+05:30,78.07108306884766
2022-01-03 00:00:00+05:30,80.05953216552734
2022-01-04 00:00:00+05:30,80.41810607910156
2022-01-05 00:00:00+05:30,80.71147918701172
2022-01-06 00:00:00+05:30,80.93965148925781
2022-01-07 00:00:00+05:30,80.71147918701172
2022-01-10 00:00:00+05:30,82.04798126220703
2022-01-11 00:00:00+05:30,81.9501724243164
2022-01-12 00:00:00+05:30,82.01537322998047
2022-01-13 00:00:00+05:30,83.02589416503906
2022-01-14 00:00:00+05:30,82.96070861816406
2022-01-17 00:00:00+05:30,82.7651138305664
2022-01-18 00:00:00+05:30,80.87447357177734
2022-01-19 00:00:00+05:30,81.1678466796875
2022-01-20 00:00:00+05:30,81.49381256103516
2022-01-21 00:00:00+05:30,78.78822326660156
2022-01-24 00:00:00+05:30,76.57158660888672
2022-01-25 00:00:00+05:30,77.09314727783203
2022-01-27 00:00:00+05:30,77.54951477050781
2022-01-28 00:00:00+05:30,77.6799087524414
2022-01-31 00:00:00+05:30,79.34239196777344
2022-02-01 00:00:00+05:30,79.53797149658203
2022-02-02 00:00:00+05:30,80.22251892089844
2022-02-03 00:00:00+05:30,79.47276306152344
2022-02-04 00:00:00+05:30,78.16887664794922
2022-02-07 00:00:00+05:30,78.23406982421875
2022-02-08 00:00:00+05:30,76.99536895751953
2022-02-09 00:00:00+05:30,78.42964935302734
2022-02-10 00:00:00+05:30,80.28770446777344
2022-02-11 00:00:00+05:30,79.08159637451172
2022-02-14 00:00:00+05:30,76.4085922241211
2022-02-15 00:00:00+05:30,78.07108306884766
2022-02-16 00:00:00+05:30,78.62523651123047
2022-02-17 00:00:00+05:30,77.58211517333984
2022-02-18 00:00:00+05:30,77.15834045410156
2022-02-21 00:00:00+05:30,77.25614166259766
2022-02-22 00:00:00+05:30,76.4085922241211
2022-02-23 00:00:00+05:30,77.22354888916016
2022-02-24 00:00:00+05:30,72.72508239746094
2022-02-25 00:00:00+05:30,74.72319793701172
2022-02-28 00:00:00+05:30,75.68782043457031
2022-03-02 00:00:00+05:30,75.48112487792969
2022-03-03 00:00:00+05:30,75.79119110107422
2022-03-04 00:00:00+05:30,75.13661193847656
2022-03-07 00:00:00+05:30,73.0351333618164
2022-03-08 00:00:00+05:30,74.75767517089844
2022-03-09 00:00:00+05:30,76.44575500488281
2022-03-10 00:00:00+05:30,76.79024505615234
2022-03-11 00:00:00+05:30,77.4792709350586
2022-03-14 00:00:00+05:30,77.1347427368164
2022-03-15 00:00:00+05:30,76.37683868408203
2022-03-16 00:00:00+05:30,77.4792709350586
2022-03-17 00:00:00+05:30,80.16639709472656
2022-03-21 00:00:00+05:30,79.4773941040039
2022-03-22 00:00:00+05:30,80.23530578613281
2022-03-23 00:00:00+05:30,79.92524719238281
2022-03-24 00:00:00+05:30,80.09749603271484
2022-03-25 00:00:00+05:30,79.20177459716797
2022-03-28 00:00:00+05:30,78.409423828125
2022-03-29 00:00:00+05:30,77.3414535522461
2022-03-30 00:00:00+05:30,77.7548599243164
2022-03-31 00:00:00+05:30,77.58261108398438
2022-04-01 00:00:00+05:30,80.06304168701172
2022-04-04 00:00:00+05:30,81.99227905273438
2022-04-05 00:00:00+05:30,82.88799285888672
2022-04-06 00:00:00+05:30,83.99040222167969
2022-04-07 00:00:00+05:30,84.26600646972656
2022-04-08 00:00:00+05:30,83.95596313476562
2022-04-11 00:00:00+05:30,83.19804382324219
2022-04-12 00:00:00+05:30,81.4066162109375
2022-04-13 00:00:00+05:30,81.44107055664062
2022-04-18 00:00:00+05:30,81.99227905273438
2022-04-19 00:00:00+05:30,81.78558349609375
2022-04-20 00:00:00+05:30,81.234375
2022-04-21 00:00:00+05:30,81.99227905273438
2022-04-22 00:00:00+05:30,81.88893127441406
2022-04-25 00:00:00+05:30,79.85635375976562
2022-04-26 00:00:00+05:30,81.95783233642578
2022-04-27 00:00:00+05:30,81.78558349609375
2022-04-28 00:00:00+05:30,81.85448455810547
2022-04-29 00:00:00+05:30,81.1310043334961
2022-05-02 00:00:00+05:30,80.51091003417969
2022-05-04 00:00:00+05:30,78.44387817382812
2022-05-05 00:00:00+05:30,77.99602508544922
2022-05-06 00:00:00+05:30,77.68595123291016
2022-05-09 00:00:00+05:30,77.16920471191406
2022-05-10 00:00:00+05:30,76.0667953491211
2022-05-11 00:00:00+05:30,74.4476089477539
2022-05-12 00:00:00+05:30,73.31073760986328
2022-05-13 00:00:00+05:30,72.55282592773438
2022-05-16 00:00:00+05:30,72.82843780517578
2022-05-17 00:00:00+05:30,75.41221618652344
2022-05-18 00:00:00+05:30,75.17107391357422
2022-05-19 00:00:00+05:30,74.37871551513672
2022-05-20 00:00:00+05:30,74.99881744384766
2022-05-23 00:00:00+05:30,74.89546203613281
2022-05-24 00:00:00+05:30,74.20645904541016
2022-05-25 00:00:00+05:30,73.7241439819336
2022-05-26 00:00:00+05:30,74.58541107177734
2022-05-27 00:00:00+05:30,75.13661193847656
2022-05-30 00:00:00+05:30,76.4112777709961
2022-05-31 00:00:00+05:30,76.72135162353516
2022-06-01 00:00:00+05:30,76.4802017211914
2022-06-02 00:00:00+05:30,77.78931427001953
2022-06-03 00:00:00+05:30,76.89359283447266
2022-06-06 00:00:00+05:30,75.92898559570312
2022-06-07 00:00:00+05:30,75.5500259399414
2022-06-08 00:00:00+05:30,76.30792999267578
2022-06-09 00:00:00+05:30,75.64590454101562
2022-06-10 00:00:00+05:30,75.0535659790039
2022-06-13 00:00:00+05:30,73.0326156616211
2022-06-14 00:00:00+05:30,71.49948120117188
2022-06-15 00:00:00+05:30,71.11620330810547
2022-06-16 00:00:00+05:30,69.5134048461914
2022-06-17 00:00:00+05:30,68.92105102539062
2022-06-20 00:00:00+05:30,68.50292205810547
2022-06-21 00:00:00+05:30,71.46464538574219
2022-06-22 00:00:00+05:30,70.27996063232422
2022-06-23 00:00:00+05:30,71.15105438232422
2022-06-24 00:00:00+05:30,71.46464538574219
2022-06-27 00:00:00+05:30,72.71903228759766
2022-06-28 00:00:00+05:30,72.44027709960938
2022-06-29 00:00:00+05:30,72.37059783935547
2022-06-30 00:00:00+05:30,72.7887191772461
2022-07-01 00:00:00+05:30,73.79918670654297
2022-07-04 00:00:00+05:30,74.94902801513672
2022-07-05 00:00:00+05:30,74.60059356689453
2022-07-06 00:00:00+05:30,74.28700256347656
2022-07-07 00:00:00+05:30,75.0535659790039
2022-07-08 00:00:00+05:30,75.92466735839844
2022-07-11 00:00:00+05:30,76.93513488769531
2022-07-12 00:00:00+05:30,76.76091003417969
2022-07-13 00:00:00+05:30,75.88981628417969
2022-07-14 00:00:00+05:30,75.227783203125
2022-07-15 00:00:00+05:30,74.84449768066406
2022-07-18 00:00:00+05:30,76.44731140136719
2022-07-19 00:00:00+05:30,78.29403686523438
2022-07-20 00:00:00+05:30,77.59716796875
2022-07-21 00:00:00+05:30,77.841064453125
2022-07-22 00:00:00+05:30,77.56231689453125
2022-07-25 00:00:00+05:30,78.85152435302734
2022-07-26 00:00:00+05:30,78.36371612548828
2022-07-27 00:00:00+05:30,79.37419128417969
2022-07-28 00:00:00+05:30,79.8968505859375
2022-07-29 00:00:00+05:30,80.80278015136719
2022-08-01 00:00:00+05:30,81.60419464111328
2022-08-02 00:00:00+05:30,83.41608428955078
2022-08-03 00:00:00+05:30,83.2418441772461
2022-08-04 00:00:00+05:30,82.71920013427734
2022-08-05 00:00:00+05:30,82.75404357910156
2022-08-08 00:00:00+05:30,82.02232360839844
2022-08-10 00:00:00+05:30,82.47529602050781
2022-08-11 00:00:00+05:30,83.17216491699219
2022-08-12 00:00:00+05:30,84.14779663085938
2022-08-16 00:00:00+05:30,83.69482421875
2022-08-17 00:00:00+05:30,82.85858917236328
2022-08-18 00:00:00+05:30,82.64950561523438
2022-08-19 00:00:00+05:30,82.8934326171875
2022-08-22 00:00:00+05:30,82.09201049804688
2022-08-23 00:00:00+05:30,82.26622009277344
2022-08-24 00:00:00+05:30,82.37076568603516
2022-08-25 00:00:00+05:30,83.76453399658203
2022-08-26 00:00:00+05:30,83.97357940673828
2022-08-29 00:00:00+05:30,82.64950561523438
2022-08-30 00:00:00+05:30,83.34639739990234
2022-09-01 00:00:00+05:30,83.41741180419922
2022-09-02 00:00:00+05:30,82.31654357910156
2022-09-05 00:00:00+05:30,81.28670501708984
2022-09-06 00:00:00+05:30,82.74267578125
2022-09-07 00:00:00+05:30,83.55946350097656
2022-09-08 00:00:00+05:30,82.84923553466797
2022-09-09 00:00:00+05:30,82.49410247802734
2022-09-12 00:00:00+05:30,82.10346984863281
2022-09-13 00:00:00+05:30,82.0324478149414
2022-09-14 00:00:00+05:30,81.67733764648438
2022-09-15 00:00:00+05:30,84.19868469238281
2022-09-16 00:00:00+05:30,80.89606475830078
2022-09-19 00:00:00+05:30,80.11479949951172
2022-09-20 00:00:00+05:30,80.50543975830078
2022-09-21 00:00:00+05:30,80.15032196044922
2022-09-22 00:00:00+05:30,79.68865966796875
2022-09-23 00:00:00+05:30,78.26818084716797
2022-09-26 00:00:00+05:30,75.64031982421875
2022-09-27 00:00:00+05:30,75.64031982421875
2022-09-28 00:00:00+05:30,74.71701049804688
2022-09-29 00:00:00+05:30,74.39739990234375
2022-09-30 00:00:00+05:30,74.29086303710938
2022-10-03 00:00:00+05:30,73.75819396972656
2022-10-04 00:00:00+05:30,74.57495880126953
2022-10-06 00:00:00+05:30,75.03661346435547
2022-10-07 00:00:00+05:30,74.5394515991211
2022-10-10 00:00:00+05:30,74.04227447509766
2022-10-11 00:00:00+05:30,72.90589141845703
2022-10-12 00:00:00+05:30,72.87039947509766
2022-10-13 00:00:00+05:30,72.40872955322266
2022-10-14 00:00:00+05:30,72.4797592163086
2022-10-17 00:00:00+05:30,72.30219268798828
2022-10-18 00:00:00+05:30,73.97126007080078
2022-10-19 00:00:00+05:30,74.04227447509766
2022-10-20 00:00:00+05:30,74.96558380126953
2022-10-21 00:00:00+05:30,74.8945541381836
2022-10-24 00:00:00+05:30,75.46276092529297
2022-10-25 00:00:00+05:30,75.42723846435547
2022-10-27 00:00:00+05:30,78.05511474609375
2022-10-28 00:00:00+05:30,80.82504272460938
2022-10-31 00:00:00+05:30,81.85487365722656
2022-11-01 00:00:00+05:30,82.31654357910156
2022-11-02 00:00:00+05:30,82.45858764648438
2022-11-03 00:00:00+05:30,82.95575714111328
2022-11-04 00:00:00+05:30,83.06228637695312
2022-11-07 00:00:00+05:30,84.51828002929688
2022-11-09 00:00:00+05:30,83.98560333251953
2022-11-10 00:00:00+05:30,82.95575714111328
2022-11-11 00:00:00+05:30,85.44158935546875
2022-11-14 00:00:00+05:30,85.76119232177734
2022-11-15 00:00:00+05:30,85.76119232177734
2022-11-16 00:00:00+05:30,85.5836410522461
2022-11-17 00:00:00+05:30,87.3947525024414
2022-11-18 00:00:00+05:30,88.67317199707031
2022-11-21 00:00:00+05:30,88.81521606445312
2022-11-22 00:00:00+05:30,89.13482666015625
2022-11-23 00:00:00+05:30,88.81521606445312
2022-11-24 00:00:00+05:30,93.9454574584961
2022-11-25 00:00:00+05:30,99.33041381835938
2022-11-28 00:00:00+05:30,97.94778442382812
2022-11-29 00:00:00+05:30,97.8750228881836
2022-11-30 00:00:00+05:30,98.89379119873047
2022-12-01 00:00:00+05:30,100.78580474853516
2022-12-02 00:00:00+05:30,101.36795806884766
2022-12-05 00:00:00+05:30,100.53111267089844
2022-12-06 00:00:00+05:30,100.38557434082031
2022-12-07 00:00:00+05:30,103.33274841308594
2022-12-08 00:00:00+05:30,105.18836212158203
2022-12-09 00:00:00+05:30,103.25996398925781
2022-12-12 00:00:00+05:30,105.69774627685547
2022-12-13 00:00:00+05:30,105.51583099365234
2022-12-14 00:00:00+05:30,106.42545318603516
2022-12-15 00:00:00+05:30,104.42428588867188
2022-12-16 00:00:00+05:30,103.04166412353516
2022-12-19 00:00:00+05:30,105.00643157958984
2022-12-20 00:00:00+05:30,103.11441802978516
2022-12-21 00:00:00+05:30,100.13087463378906
2022-12-22 00:00:00+05:30,99.87619018554688
2022-12-23 00:00:00+05:30,95.91024017333984
2022-12-26 00:00:00+05:30,99.18487548828125
2022-12-27 00:00:00+05:30,99.33041381835938
2022-12-28 00:00:00+05:30,100.20365142822266
2022-12-29 00:00:00+05:30,100.7130355834961
2022-12-30 00:00:00+05:30,102.71420288085938
2023-01-02 00:00:00+05:30,108.93599700927734
2023-01-03 00:00:00+05:30,113.52046966552734
2023-01-04 00:00:00+05:30,112.4289321899414
2023-01-05 00:00:00+05:30,114.17538452148438
2023-01-06 00:00:00+05:30,114.35733032226562
2023-01-09 00:00:00+05:30,115.921875
2023-01-10 00:00:00+05:30,112.86554718017578
2023-01-11 00:00:00+05:30,110.46416473388672
2023-01-12 00:00:00+05:30,108.60852813720703
2023-01-13 00:00:00+05:30,111.15545654296875
2023-01-16 00:00:00+05:30,109.51815795898438
2023-01-17 00:00:00+05:30,109.11791229248047
2023-01-18 00:00:00+05:30,110.39139556884766
2023-01-19 00:00:00+05:30,110.64608001708984
2023-01-20 00:00:00+05:30,109.44538879394531
2023-01-23 00:00:00+05:30,109.88200378417969
2023-01-24 00:00:00+05:30,108.6812973022461
2023-01-25 00:00:00+05:30,104.38789367675781
2023-01-27 00:00:00+05:30,99.03934478759766
2023-01-30 00:00:00+05:30,98.7846450805664
2023-01-31 00:00:00+05:30,102.93251037597656
2023-02-01 00:00:00+05:30,99.22126007080078
2023-02-02 00:00:00+05:30,100.74942016601562
2023-02-03 00:00:00+05:30,102.96888732910156
2023-02-06 00:00:00+05:30,104.35150909423828
2023-02-07 00:00:00+05:30,104.27876281738281
2023-02-08 00:00:00+05:30,104.49705505371094
2023-02-09 00:00:00+05:30,105.77051544189453
2023-02-10 00:00:00+05:30,106.09799194335938
2023-02-13 00:00:00+05:30,102.8597412109375
2023-02-14 00:00:00+05:30,104.49705505371094
2023-02-15 00:00:00+05:30,107.95360565185547
2023-02-16 00:00:00+05:30,109.33621978759766
2023-02-17 00:00:00+05:30,108.06275939941406
2023-02-20 00:00:00+05:30,107.15313720703125
2023-02-21 00:00:00+05:30,108.86323547363281
2023-02-22 00:00:00+05:30,106.49820709228516
2023-02-23 00:00:00+05:30,107.37144470214844
2023-02-24 00:00:00+05:30,107.85595703125
2023-02-27 00:00:00+05:30,106.886962890625
2023-02-28 00:00:00+05:30,108.3777084350586
2023-03-01 00:00:00+05:30,111.39649200439453
2023-03-02 00:00:00+05:30,112.06732177734375
2023-03-03 00:00:00+05:30,115.64513397216797
2023-03-06 00:00:00+05:30,120.56460571289062
2023-03-08 00:00:00+05:30,125.52134704589844
2023-03-09 00:00:00+05:30,125.33502197265625
2023-03-10 00:00:00+05:30,124.51510620117188
2023-03-13 00:00:00+05:30,121.83173370361328
2023-03-14 00:00:00+05:30,120.04285430908203
2023-03-15 00:00:00+05:30,119.89376831054688
2023-03-16 00:00:00+05:30,117.88125610351562
2023-03-17 00:00:00+05:30,116.20416259765625
2023-03-20 00:00:00+05:30,112.44001007080078
2023-03-21 00:00:00+05:30,114.89974975585938
2023-03-22 00:00:00+05:30,114.86248016357422
2023-03-23 00:00:00+05:30,113.55807495117188
2023-03-24 00:00:00+05:30,110.42749786376953
2023-03-27 00:00:00+05:30,110.98653411865234
2023-03-28 00:00:00+05:30,109.3467025756836
2023-03-29 00:00:00+05:30,112.66362762451172
2023-03-31 00:00:00+05:30,113.11085510253906
2023-04-03 00:00:00+05:30,115.57058715820312
2023-04-05 00:00:00+05:30,116.80046081542969
2023-04-06 00:00:00+05:30,117.28495025634766
2023-04-10 00:00:00+05:30,124.03060913085938
2023-04-11 00:00:00+05:30,126.11766815185547
2023-04-12 00:00:00+05:30,123.6579360961914
2023-04-13 00:00:00+05:30,120.45280456542969
2023-04-17 00:00:00+05:30,123.28523254394531
2023-04-18 00:00:00+05:30,120.56460571289062
2023-04-19 00:00:00+05:30,120.4155502319336
2023-04-20 00:00:00+05:30,119.26020812988281
2023-04-21 00:00:00+05:30,116.80046081542969
2023-04-24 00:00:00+05:30,119.85649871826172
2023-04-25 00:00:00+05:30,120.9000244140625
2023-04-26 00:00:00+05:30,123.24796295166016
2023-04-27 00:00:00+05:30,122.87528228759766
2023-04-28 00:00:00+05:30,126.63943481445312
2023-05-02 00:00:00+05:30,129.39732360839844
2023-05-03 00:00:00+05:30,127.04937744140625
2023-05-04 00:00:00+05:30,129.99362182617188
2023-05-05 00:00:00+05:30,125.85677337646484
2023-05-08 00:00:00+05:30,127.27301025390625
2023-05-09 00:00:00+05:30,124.10514831542969
2023-05-10 00:00:00+05:30,123.21070098876953
2023-05-11 00:00:00+05:30,122.68892669677734
2023-05-12 00:00:00+05:30,122.72620391845703
2023-05-15 00:00:00+05:30,127.57115173339844
2023-05-16 00:00:00+05:30,124.7014389038086
2023-05-17 00:00:00+05:30,122.5025863647461
2023-05-18 00:00:00+05:30,122.87528228759766
2023-05-19 00:00:00+05:30,123.47158813476562
2023-05-22 00:00:00+05:30,123.95606994628906
2023-05-23 00:00:00+05:30,123.54612731933594
2023-05-24 00:00:00+05:30,124.10514831542969
2023-05-25 00:00:00+05:30,127.16117858886719
2023-05-26 00:00:00+05:30,127.04937744140625
2023-05-29 00:00:00+05:30,129.91912841796875
2023-05-30 00:00:00+05:30,135.02490234375
2023-05-31 00:00:00+05:30,135.95663452148438
2023-06-01 00:00:00+05:30,136.5529327392578
2023-06-02 00:00:00+05:30,141.9569091796875
2023-06-05 00:00:00+05:30,144.3421173095703
2023-06-06 00:00:00+05:30,144.97567749023438
2023-06-07 00:00:00+05:30,146.42916870117188
2023-06-08 00:00:00+05:30,146.72732543945312
2023-06-09 00:00:00+05:30,148.10626220703125
2023-06-12 00:00:00+05:30,150.67782592773438
2023-06-13 00:00:00+05:30,151.34866333007812
2023-06-14 00:00:00+05:30,149.85789489746094
2023-06-15 00:00:00+05:30,149.74609375
2023-06-16 00:00:00+05:30,150.27981567382812
2023-06-19 00:00:00+05:30,150.3942108154297
2023-06-20 00:00:00+05:30,155.50262451171875
2023-06-21 00:00:00+05:30,159.2005157470703
2023-06-22 00:00:00+05:30,154.9689178466797
2023-06-23 00:00:00+05:30,152.60528564453125
2023-06-26 00:00:00+05:30,152.37655639648438
2023-06-27 00:00:00+05:30,158.47622680664062
2023-06-28 00:00:00+05:30,166.0626220703125
2023-06-30 00:00:00+05:30,164.61395263671875
2023-07-03 00:00:00+05:30,167.54942321777344
2023-07-04 00:00:00+05:30,168.69308471679688
2023-07-05 00:00:00+05:30,170.256103515625
2023-07-06 00:00:00+05:30,170.5229949951172
2023-07-07 00:00:00+05:30,168.731201171875
2023-07-10 00:00:00+05:30,171.17108154296875
2023-07-11 00:00:00+05:30,173.1534423828125
2023-07-12 00:00:00+05:30,173.267822265625
2023-07-13 00:00:00+05:30,171.28543090820312
2023-07-14 00:00:00+05:30,171.24729919433594
2023-07-17 00:00:00+05:30,170.33236694335938
2023-07-18 00:00:00+05:30,169.0361785888672
2023-07-19 00:00:00+05:30,172.61972045898438
2023-07-20 00:00:00+05:30,172.46725463867188
2023-07-21 00:00:00+05:30,173.0772247314453
2023-07-24 00:00:00+05:30,182.79849243164062
2023-07-25 00:00:00+05:30,181.65481567382812
2023-07-26 00:00:00+05:30,185.04774475097656
2023-07-27 00:00:00+05:30,193.16786193847656
2023-07-28 00:00:00+05:30,195.0740203857422
2023-07-31 00:00:00+05:30,199.30564880371094
2023-08-01 00:00:00+05:30,197.3613739013672
2023-08-02 00:00:00+05:30,195.41712951660156
2023-08-03 00:00:00+05:30,198.35256958007812
2023-08-04 00:00:00+05:30,197.17076110839844
2023-08-07 00:00:00+05:30,203.4610137939453
2023-08-08 00:00:00+05:30,205.10028076171875
2023-08-09 00:00:00+05:30,205.90087890625
2023-08-10 00:00:00+05:30,203.61351013183594
2023-08-11 00:00:00+05:30,201.32615661621094
2023-08-14 00:00:00+05:30,201.32615661621094
2023-08-16 00:00:00+05:30,201.44052124023438
2023-08-17 00:00:00+05:30,206.51084899902344
2023-08-18 00:00:00+05:30,204.7190704345703
2023-08-21 00:00:00+05:30,205.90087890625
2023-08-22 00:00:00+05:30,208.22637939453125
2023-08-23 00:00:00+05:30,208.41697692871094
2023-08-24 00:00:00+05:30,206.396484375
2023-08-25 00:00:00+05:30,205.90087890625
2023-08-28 00:00:00+05:30,207.42578125
2023-08-29 00:00:00+05:30,205.86277770996094
2023-08-30 00:00:00+05:30,208.03575134277344
2023-08-31 00:00:00+05:30,198.39068603515625
2023-09-01 00:00:00+05:30,196.25582885742188
2023-09-04 00:00:00+05:30,201.44052124023438
2023-09-05 00:00:00+05:30,199.83935546875
2023-09-06 00:00:00+05:30,196.33206176757812
2023-09-07 00:00:00+05:30,207.27328491210938
2023-09-08 00:00:00+05:30,232.6249237060547
2023-09-11 00:00:00+05:30,233.46365356445312
2023-09-12 00:00:00+05:30,215.6984100341797
2023-09-13 00:00:00+05:30,212.11488342285156
2023-09-14 00:00:00+05:30,213.14418029785156
2023-09-15 00:00:00+05:30,213.0298309326172
2023-09-18 00:00:00+05:30,219.1294708251953
2023-09-20 00:00:00+05:30,218.7482452392578
2023-09-21 00:00:00+05:30,218.91976928710938
2023-09-22 00:00:00+05:30,227.2114715576172
2023-09-25 00:00:00+05:30,227.02085876464844
2023-09-26 00:00:00+05:30,223.3992156982422
2023-09-27 00:00:00+05:30,237.93348693847656
2023-09-28 00:00:00+05:30,233.40643310546875
2023-09-29 00:00:00+05:30,240.07789611816406
2023-10-03 00:00:00+05:30,239.1724853515625
2023-10-04 00:00:00+05:30,232.45335388183594
2023-10-05 00:00:00+05:30,229.26058959960938
2023-10-06 00:00:00+05:30,234.74073791503906
2023-10-09 00:00:00+05:30,228.97463989257812
2023-10-10 00:00:00+05:30,238.2194366455078
2023-10-11 00:00:00+05:30,238.26707458496094
2023-10-12 00:00:00+05:30,236.78981018066406
2023-10-13 00:00:00+05:30,238.41001892089844
2023-10-16 00:00:00+05:30,240.07789611816406
2023-10-17 00:00:00+05:30,239.6013641357422
2023-10-18 00:00:00+05:30,234.3118438720703
2023-10-19 00:00:00+05:30,237.36166381835938
2023-10-20 00:00:00+05:30,235.88438415527344
2023-10-23 00:00:00+05:30,232.69161987304688
2023-10-25 00:00:00+05:30,226.0677947998047
2023-10-26 00:00:00+05:30,219.53929138183594
2023-10-27 00:00:00+05:30,226.4013671875
2023-10-30 00:00:00+05:30,227.73565673828125
2023-10-31 00:00:00+05:30,235.0266571044922
2023-11-01 00:00:00+05:30,230.8331298828125
2023-11-02 00:00:00+05:30,245.55804443359375
2023-11-03 00:00:00+05:30,249.41799926757812
2023-11-06 00:00:00+05:30,248.51254272460938
2023-11-07 00:00:00+05:30,250.70458984375
2023-11-08 00:00:00+05:30,251.18112182617188
2023-11-09 00:00:00+05:30,264.2858581542969
2023-11-10 00:00:00+05:30,274.19775390625
2023-11-13 00:00:00+05:30,293.0684509277344
2023-11-15 00:00:00+05:30,295.8323974609375
2023-11-16 00:00:00+05:30,295.737060546875
2023-11-17 00:00:00+05:30,301.4078369140625
2023-11-20 00:00:00+05:30,309.0323791503906
2023-11-21 00:00:00+05:30,304.552978515625
2023-11-22 00:00:00+05:30,304.9342346191406
2023-11-23 00:00:00+05:30,305.6966552734375
2023-11-24 00:00:00+05:30,304.4400329589844
2023-11-28 00:00:00+05:30,309.8531494140625
2023-11-29 00:00:00+05:30,317.1512145996094
2023-11-30 00:00:00+05:30,323.7242736816406
2023-12-01 00:00:00+05:30,352.96484375
2023-12-04 00:00:00+05:30,359.2962951660156
2023-12-05 00:00:00+05:30,364.66107177734375
2023-12-06 00:00:00+05:30,365.9660339355469
2023-12-07 00:00:00+05:30,364.51611328125
2023-12-08 00:00:00+05:30,371.7657775878906
2023-12-11 00:00:00+05:30,376.5506286621094
2023-12-12 00:00:00+05:30,376.69561767578125
2023-12-13 00:00:00+05:30,407.7244567871094
2023-12-14 00:00:00+05:30,408.9810791015625
2023-12-15 00:00:00+05:30,398.54144287109375
2023-12-18 00:00:00+05:30,398.0581359863281
2023-12-19 00:00:00+05:30,395.1098937988281
2023-12-20 00:00:00+05:30,369.1075439453125
2023-12-21 00:00:00+05:30,375.87396240234375
2023-12-22 00:00:00+05:30,373.98907470703125
2023-12-26 00:00:00+05:30,379.1605224609375
2023-12-27 00:00:00+05:30,371.9591369628906
2023-12-28 00:00:00+05:30,372.0557861328125
2023-12-29 00:00:00+05:30,369.83258056640625
2024-01-01 00:00:00+05:30,381.8670959472656
2024-01-02 00:00:00+05:30,376.6473083496094
2024-01-03 00:00:00+05:30,379.982177734375
2024-01-04 00:00:00+05:30,392.2099914550781
2024-01-05 00:00:00+05:30,390.5184020996094
2024-01-08 00:00:00+05:30,392.2099914550781
2024-01-09 00:00:00+05:30,380.6587829589844
2024-01-10 00:00:00+05:30,377.4689025878906
2024-01-11 00:00:00+05:30,382.30206298828125
2024-01-12 00:00:00+05:30,388.3918151855469
2024-01-15 00:00:00+05:30,395.8348388671875
2024-01-16 00:00:00+05:30,387.0868835449219
2024-01-17 00:00:00+05:30,379.45050048828125
2024-01-18 00:00:00+05:30,379.59552001953125
2024-01-19 00:00:00+05:30,398.58978271484375
2024-01-23 00:00:00+05:30,382.3503723144531
2024-01-24 00:00:00+05:30,407.67608642578125
2024-01-25 00:00:00+05:30,405.0178527832031
2024-01-29 00:00:00+05:30,431.84185791015625
2024-01-30 00:00:00+05:30,430.0535888671875
2024-01-31 00:00:00+05:30,428.4586486816406
2024-02-01 00:00:00+05:30,430.8752136230469
2024-02-02 00:00:00+05:30,435.75665283203125
2024-02-05 00:00:00+05:30,442.86138916015625
2024-02-06 00:00:00+05:30,438.8498840332031
2024-02-07 00:00:00+05:30,453.349365234375
2024-02-08 00:00:00+05:30,452.91436767578125
2024-02-09 00:00:00+05:30,414.5391845703125
2024-02-12 00:00:00+05:30,409.9960021972656
2024-02-13 00:00:00+05:30,406.4678039550781
2024-02-14 00:00:00+05:30,420.0972900390625
2024-02-15 00:00:00+05:30,420.9189758300781
2024-02-16 00:00:00+05:30,419.2273254394531
2024-02-19 00:00:00+05:30,416.7624206542969
2024-02-20 00:00:00+05:30,415.2518615722656
2024-02-21 00:00:00+05:30,401.900634765625
2024-02-22 00:00:00+05:30,405.01922607421875
2024-02-23 00:00:00+05:30,402.387939453125
2024-02-26 00:00:00+05:30,400.974853515625
2024-02-27 00:00:00+05:30,391.27813720703125
2024-02-28 00:00:00+05:30,379.58367919921875
2024-02-29 00:00:00+05:30,390.4985046386719
2024-03-01 00:00:00+05:30,402.72900390625
2024-03-04 00:00:00+05:30,410.81768798828125
2024-03-05 00:00:00+05:30,406.724609375
2024-03-06 00:00:00+05:30,413.4002380371094
2024-03-07 00:00:00+05:30,418.8089294433594
2024-03-11 00:00:00+05:30,421.5376281738281
2024-03-12 00:00:00+05:30,418.1267395019531
2024-03-13 00:00:00+05:30,387.4774475097656
2024-03-14 00:00:00+05:30,389.57269287109375
2024-03-15 00:00:00+05:30,371.300048828125
2024-03-18 00:00:00+05:30,365.306640625
2024-03-19 00:00:00+05:30,353.3197937011719
2024-03-20 00:00:00+05:30,352.2965393066406
2024-03-21 00:00:00+05:30,376.9037170410156
2024-03-22 00:00:00+05:30,384.6627502441406
2024-03-26 00:00:00+05:30,387.90386962890625
2024-03-27 00:00:00+05:30,377.6402893066406
2024-03-28 00:00:00+05:30,383.2877197265625
2024-04-01 00:00:00+05:30,394.0423583984375
2024-04-02 00:00:00+05:30,400.279052734375
2024-04-03 00:00:00+05:30,409.8060302734375
2024-04-04 00:00:00+05:30,407.5961608886719
2024-04-05 00:00:00+05:30,409.3640441894531
2024-04-08 00:00:00+05:30,403.0291442871094
2024-04-09 00:00:00+05:30,395.5647277832031
2024-04-10 00:00:00+05:30,399.3951416015625
2024-04-12 00:00:00+05:30,395.8102722167969
2024-04-15 00:00:00+05:30,385.39935302734375
2024-04-16 00:00:00+05:30,389.4753112792969
2024-04-18 00:00:00+05:30,388.3949279785156
2024-04-19 00:00:00+05:30,391.537841796875
2024-04-22 00:00:00+05:30,397.1361999511719
2024-04-23 00:00:00+05:30,391.9798278808594
2024-04-24 00:00:00+05:30,394.8771667480469
2024-04-25 00:00:00+05:30,399.7879943847656
2024-04-26 00:00:00+05:30,398.904052734375
2024-04-29 00:00:00+05:30,408.0872497558594
2024-04-30 00:00:00+05:30,433.6724853515625
2024-05-02 00:00:00+05:30,459.5032958984375
2024-05-03 00:00:00+05:30,471.8785095214844
2024-05-06 00:00:00+05:30,429.9893798828125
2024-05-07 00:00:00+05:30,414.029296875
2024-05-08 00:00:00+05:30,433.0340881347656
2024-05-09 00:00:00+05:30,410.59173583984375
2024-05-10 00:00:00+05:30,410.1988830566406
2024-05-13 00:00:00+05:30,409.06939697265625
2024-05-14 00:00:00+05:30,414.0783996582031
2024-05-15 00:00:00+05:30,428.7616882324219
2024-05-16 00:00:00+05:30,446.68609619140625
2024-05-17 00:00:00+05:30,459.7488098144531
2024-05-21 00:00:00+05:30,460.7309875488281
2024-05-22 00:00:00+05:30,456.311279296875
2024-05-23 00:00:00+05:30,458.91400146484375
2024-05-24 00:00:00+05:30,482.8786926269531
2024-05-27 00:00:00+05:30,504.0442199707031
2024-05-28 00:00:00+05:30,507.9237976074219
2024-05-29 00:00:00+05:30,500.9995422363281
2024-05-30 00:00:00+05:30,491.521728515625
2024-05-31 00:00:00+05:30,483.6644287109375
2024-06-03 00:00:00+05:30,544.9020385742188
2024-06-04 00:00:00+05:30,419.1365661621094
2024-06-05 00:00:00+05:30,439.1725769042969
2024-06-06 00:00:00+05:30,463.8738708496094
2024-06-07 00:00:00+05:30,474.9231872558594
2024-06-10 00:00:00+05:30,477.133056640625
2024-06-11 00:00:00+05:30,477.7714538574219
2024-06-12 00:00:00+05:30,483.27154541015625
2024-06-13 00:00:00+05:30,494.5663757324219
2024-06-14 00:00:00+05:30,500.9504089355469
2024-06-18 00:00:00+05:30,498.6914367675781
2024-06-19 00:00:00+05:30,490.34307861328125
2024-06-20 00:00:00+05:30,472.762451171875
2024-06-21 00:00:00+05:30,473.69549560546875
2024-06-24 00:00:00+05:30,479.04827880859375
2024-06-25 00:00:00+05:30,475.0705261230469
2024-06-26 00:00:00+05:30,471.4856262207031
2024-06-27 00:00:00+05:30,471.1910095214844
2024-06-28 00:00:00+05:30,476.445556640625
2024-07-01 00:00:00+05:30,492.30743408203125
2024-07-02 00:00:00+05:30,493.68243408203125
2024-07-03 00:00:00+05:30,521.5757446289062
2024-07-04 00:00:00+05:30,524.12939453125
2024-07-05 00:00:00+05:30,524.7186279296875
2024-07-08 00:00:00+05:30,539.942138671875
2024-07-09 00:00:00+05:30,540.3350219726562
2024-07-10 00:00:00+05:30,550.7949829101562
2024-07-11 00:00:00+05:30,560.420166015625
2024-07-12 00:00:00+05:30,545.2457885742188
2024-07-15 00:00:00+05:30,548.044921875
2024-07-16 00:00:00+05:30,539.7457275390625
2024-07-18 00:00:00+05:30,537.8305053710938
2024-07-19 00:00:00+05:30,524.1785278320312
2024-07-22 00:00:00+05:30,534.8839721679688
2024-07-23 00:00:00+05:30,514.2095947265625
2024-07-24 00:00:00+05:30,515.73193359375
2024-07-25 00:00:00+05:30,515.6828002929688
2024-07-26 00:00:00+05:30,531.8673095703125
2024-07-29 00:00:00+05:30,545.5845947265625
2024-07-30 00:00:00+05:30,547.4102783203125
2024-07-31 00:00:00+05:30,549.482666015625
2024-08-01 00:00:00+05:30,535.7160034179688
2024-08-02 00:00:00+05:30,519.383544921875
2024-08-05 00:00:00+05:30,491.5047607421875
2024-08-06 00:00:00+05:30,467.8201599121094
2024-08-07 00:00:00+05:30,485.9783935546875
2024-08-08 00:00:00+05:30,485.68231201171875
2024-08-09 00:00:00+05:30,494.07061767578125
2024-08-12 00:00:00+05:30,490.1231689453125
2024-08-13 00:00:00+05:30,476.3071594238281
2024-08-14 00:00:00+05:30,478.2808837890625
2024-08-16 00:00:00+05:30,497.6233215332031
2024-08-19 00:00:00+05:30,498.3141174316406
2024-08-20 00:00:00+05:30,514.3505859375
2024-08-21 00:00:00+05:30,508.8735046386719
2024-08-22 00:00:00+05:30,510.6991882324219
2024-08-23 00:00:00+05:30,508.0346374511719
2024-08-26 00:00:00+05:30,507.63995361328125
2024-08-27 00:00:00+05:30,529.400146484375
2024-08-28 00:00:00+05:30,532.163330078125
2024-08-29 00:00:00+05:30,547.16357421875
2024-08-30 00:00:00+05:30,545.525634765625
2024-09-02 00:00:00+05:30,543.1432495117188
2024-09-03 00:00:00+05:30,554.7575073242188
2024-09-04 00:00:00+05:30,551.2335205078125
2024-09-05 00:00:00+05:30,554.1619262695312
2024-09-06 00:00:00+05:30,541.3067626953125
2024-09-09 00:00:00+05:30,519.7656860351562
2024-09-10 00:00:00+05:30,507.0097961425781
2024-09-11 00:00:00+05:30,497.728271484375
2024-09-12 00:00:00+05:30,502.5923767089844
2024-09-13 00:00:00+05:30,495.8421630859375
2024-09-16 00:00:00+05:30,487.45404052734375
2024-09-17 00:00:00+05:30,478.91705322265625
2024-09-18 00:00:00+05:30,488.44671630859375
2024-09-19 00:00:00+05:30,477.17987060546875
2024-09-20 00:00:00+05:30,478.3710632324219
2024-09-23 00:00:00+05:30,487.60296630859375
2024-09-24 00:00:00+05:30,486.36212158203125
2024-09-25 00:00:00+05:30,479.90972900390625
2024-09-26 00:00:00+05:30,476.93170166015625
2024-09-27 00:00:00+05:30,490.2335510253906
2024-09-30 00:00:00+05:30,484.47601318359375
2024-10-01 00:00:00+05:30,490.4817199707031
2024-10-03 00:00:00+05:30,464.1261291503906
2024-10-04 00:00:00+05:30,459.9569091796875
2024-10-07 00:00:00+05:30,435.4377746582031
2024-10-08 00:00:00+05:30,462.4385986328125
2024-10-09 00:00:00+05:30,467.3523254394531
2024-10-10 00:00:00+05:30,468.4939270019531
2024-10-11 00:00:00+05:30,464.4239501953125
2024-10-14 00:00:00+05:30,470.1318359375
2024-10-15 00:00:00+05:30,473.2587890625
2024-10-16 00:00:00+05:30,475.69085693359375
2024-10-17 00:00:00+05:30,466.0122375488281
2024-10-18 00:00:00+05:30,469.2384338378906
2024-10-21 00:00:00+05:30,460.5525207519531
2024-10-22 00:00:00+05:30,439.1603088378906
2024-10-23 00:00:00+05:30,435.1399841308594
2024-10-24 00:00:00+05:30,449.781982421875
2024-10-25 00:00:00+05:30,434.8918151855469
2024-10-28 00:00:00+05:30,447.3498840332031
2024-10-29 00:00:00+05:30,468.69244384765625
2024-10-30 00:00:00+05:30,460.25469970703125
2024-10-31 00:00:00+05:30,451.6184387207031
2024-11-01 00:00:00+05:30,455.738037109375
2024-11-04 00:00:00+05:30,447.7469787597656
2024-11-05 00:00:00+05:30,458.1204528808594
2024-11-06 00:00:00+05:30,464.1261291503906
2024-11-07 00:00:00+05:30,458.6167907714844
2024-11-08 00:00:00+05:30,446.1090393066406
2024-11-11 00:00:00+05:30,478.3214416503906
2024-11-12 00:00:00+05:30,463.72906494140625
2024-11-13 00:00:00+05:30,458.0708312988281
2024-11-14 00:00:00+05:30,451.3702697753906
2024-11-18 00:00:00+05:30,455.8373107910156
2024-11-19 00:00:00+05:30,467.94793701171875
2024-11-21 00:00:00+05:30,450.0301513671875
2024-11-22 00:00:00+05:30,474.45001220703125
2024-11-25 00:00:00+05:30,481.5
2024-11-26 00:00:00+05:30,484.3999938964844
2024-11-27 00:00:00+05:30,491.1000061035156
2024-11-28 00:00:00+05:30,494.0
2024-11-29 00:00:00+05:30,495.29998779296875
2024-12-02 00:00:00+05:30,495.75
2024-12-03 00:00:00+05:30,501.1499938964844
2024-12-04 00:00:00+05:30,510.0
2024-12-05 00:00:00+05:30,512.2000122070312
2024-12-06 00:00:00+05:30,513.75
2024-12-09 00:00:00+05:30,515.3499755859375
2024-12-10 00:00:00+05:30,517.1500244140625
2024-12-11 00:00:00+05:30,513.0
2024-12-12 00:00:00+05:30,507.75
2024-12-13 00:00:00+05:30,504.25
2024-12-16 00:00:00+05:30,507.1000061035156
2024-12-17 00:00:00+05:30,498.3999938964844
2024-12-18 00:00:00+05:30,487.1000061035156
2024-12-19 00:00:00+05:30,480.45001220703125
2024-12-20 00:00:00+05:30,453.29998779296875
2024-12-23 00:00:00+05:30,456.5
2024-12-24 00:00:00+05:30,451.20001220703125
2024-12-26 00:00:00+05:30,463.25
2024-12-27 00:00:00+05:30,452.04998779296875
2024-12-30 00:00:00+05:30,440.45001220703125
2024-12-31 00:00:00+05:30,448.5
2025-01-01 00:00:00+05:30,448.29998779296875
2025-01-02 00:00:00+05:30,459.3500061035156
2025-01-03 00:00:00+05:30,464.79998779296875
2025-01-06 00:00:00+05:30,446.5
2025-01-07 00:00:00+05:30,446.29998779296875
2025-01-08 00:00:00+05:30,434.8999938964844
2025-01-09 00:00:00+05:30,421.95001220703125
2025-01-10 00:00:00+05:30,404.20001220703125
2025-01-13 00:00:00+05:30,389.29998779296875
2025-01-14 00:00:00+05:30,417.3999938964844
2025-01-15 00:00:00+05:30,427.54998779296875
2025-01-16 00:00:00+05:30,435.3999938964844
2025-01-17 00:00:00+05:30,433.45001220703125
2025-01-20 00:00:00+05:30,436.8999938964844
2025-01-21 00:00:00+05:30,427.8999938964844
2025-01-22 00:00:00+05:30,420.6000061035156
2025-01-23 00:00:00+05:30,421.25
2025-01-24 00:00:00+05:30,408.3999938964844
2025-01-27 00:00:00+05:30,389.70001220703125
2025-01-28 00:00:00+05:30,386.3500061035156
2025-01-29 00:00:00+05:30,399.1000061035156
2025-01-30 00:00:00+05:30,413.70001220703125
2025-01-31 00:00:00+05:30,422.5
2025-02-01 00:00:00+05:30,404.04998779296875
2025-02-03 00:00:00+05:30,385.20001220703125
2025-02-04 00:00:00+05:30,405.1000061035156
2025-02-05 00:00:00+05:30,412.6000061035156
2025-02-06 00:00:00+05:30,405.54998779296875
2025-02-07 00:00:00+05:30,409.6499938964844
2025-02-10 00:00:00+05:30,396.54998779296875
2025-02-11 00:00:00+05:30,375.5
2025-02-12 00:00:00+05:30,373.8500061035156
2025-02-13 00:00:00+05:30,384.1000061035156
